6032	1	1	10
6031	0	56	16
6030	0	25	15
6029	0	45	7
6028	0	25	20
6027	1	50	9
6026	0	35	1
6025	0	25	12
6024	0	25	17
6023	1	35	1
6022	1	25	1
6021	0	25	12
6020	0	45	1
6019	0	35	0
6018	0	25	7
6017	1	35	0
6016	0	50	1
6015	1	18	3
6014	0	1	10
6013	0	25	14
6012	0	18	16
6011	0	18	15
6010	0	35	0
6009	1	25	7
6008	0	18	4
6007	0	25	7
6006	0	25	11
6005	1	25	1
6004	0	35	7
6003	1	35	7
6002	0	56	7
6001	1	25	0
6000	0	45	3
5999	1	18	0
5998	0	45	1
5997	0	25	3
5996	1	25	9
5995	1	18	4
5994	0	18	4
5993	0	45	0
5992	1	18	4
5991	0	25	8
5990	0	25	12
5989	0	45	17
5988	1	45	16
5987	0	18	19
5986	0	18	4
5985	0	25	4
5984	0	18	12
5983	1	25	2
5982	1	1	10
5981	0	18	4
5980	0	25	0
5979	0	50	1
5978	1	35	12
5977	0	35	20
5976	0	18	19
5975	0	25	2
5974	1	50	1
5973	0	50	1
5972	0	25	17
5971	1	35	3
5970	0	18	4
5969	0	18	1
5968	0	35	12
5967	0	25	18
5966	1	50	5
5965	0	18	4
5964	1	25	1
5963	0	18	4
5962	0	25	14
5961	1	45	0
5960	0	18	4
5959	0	35	14
5958	1	1	10
5957	0	35	7
5956	0	18	4
5955	1	45	1
5954	1	45	0
5953	0	56	1
5952	1	25	0
5951	0	25	17
5949	1	25	2
5948	0	18	4
5947	0	18	4
5946	1	1	10
5945	0	25	14
5944	1	45	1
5943	1	56	9
5942	0	56	13
5941	0	35	7
5940	1	18	4
5939	0	25	17
5938	0	25	17
5937	0	45	0
5936	1	25	16
5935	1	35	3
5934	1	35	7
5933	1	1	10
5932	0	35	17
5931	1	18	3
5930	0	35	19
5929	0	45	7
5928	0	25	12
5927	0	45	12
5926	1	35	11
5925	0	45	18
5924	0	25	12
5923	0	45	15
5922	0	25	2
5921	0	35	15
5920	0	25	16
5919	0	18	12
5918	1	25	2
5917	0	25	17
5916	0	25	17
5915	0	25	17
5914	0	35	17
5913	1	1	10
5912	0	25	11
5911	0	35	7
5910	1	18	4
5909	0	35	9
5908	0	56	7
5907	0	45	14
5906	0	18	9
5905	1	45	3
5904	0	56	6
5903	0	25	11
5902	0	35	17
5900	0	18	4
5899	0	25	17
5898	1	25	0
5896	0	25	0
5895	0	18	4
5897	0	18	2
5894	1	45	6
5893	0	18	20
5892	1	25	20
5891	1	35	1
5890	0	35	13
5889	0	25	7
5888	0	18	3
5887	0	25	17
5886	0	18	4
5885	1	35	20
5884	0	18	4
5883	0	50	17
5882	0	25	1
5881	0	35	7
5880	1	25	20
5879	0	18	4
5878	0	1	10
5877	0	50	20
5876	0	35	12
5875	1	45	7
5874	0	35	16
5873	0	56	7
6034	1	45	0
5872	0	35	7
5871	0	45	16
5870	1	18	4
5869	0	18	4
5868	1	56	13
5867	0	18	16
5866	0	18	4
5865	1	25	11
5864	1	50	0
5863	0	25	7
5862	0	25	11
5861	1	50	17
5860	0	25	3
5859	0	25	0
5858	0	25	16
5857	1	25	2
5856	1	18	3
5855	0	50	1
5854	0	56	17
5853	0	25	0
5852	0	45	12
5851	0	18	17
5850	0	18	4
5849	1	45	1
5848	1	25	0
5847	0	45	0
5846	0	18	5
5845	1	45	1
5844	0	56	16
5843	0	18	0
5842	0	25	17
5841	0	18	4
5840	0	18	1
5839	1	45	15
5838	1	1	10
5837	0	25	12
5836	1	35	9
5835	0	18	14
5834	0	25	12
5833	0	18	4
5832	1	18	4
5831	1	35	2
5830	0	18	4
5829	1	18	4
5828	0	25	7
5827	0	35	12
5826	0	25	17
5825	0	25	12
5824	0	35	17
5823	0	35	1
5822	1	1	10
5821	0	45	17
5820	0	25	16
5819	1	18	4
5818	0	18	20
5817	0	35	14
5816	0	45	13
5815	0	18	4
5814	0	35	14
5813	1	25	4
5812	0	25	12
5811	1	25	0
5810	0	25	1
5809	0	25	17
5808	1	18	4
5806	0	25	7
5807	0	35	1
5805	0	35	20
5804	0	25	15
5803	0	18	10
5802	0	45	1
5801	0	25	3
5800	0	25	20
5799	1	45	20
5797	0	35	7
5796	0	25	0
5795	0	25	5
5794	0	25	6
5793	1	50	7
5792	0	18	19
5791	0	50	17
5790	0	35	20
5789	1	18	4
5788	0	25	16
5787	0	50	7
5786	0	35	16
5785	1	18	4
5784	0	25	17
5783	0	18	17
5782	1	18	14
5781	0	35	16
5780	0	56	17
5778	0	25	12
5777	1	25	11
5776	0	35	17
5775	0	35	0
5774	0	45	16
5773	0	18	18
5772	0	25	7
5771	0	25	1
5770	0	18	19
5769	0	25	20
5768	1	25	1
5767	1	25	7
5766	0	35	0
5765	1	35	7
5764	0	35	11
5763	0	45	12
5762	1	18	12
5761	0	25	2
5760	0	50	14
5759	0	18	4
5779	0	18	0
5798	0	18	4
5758	0	18	4
5757	0	25	0
5756	0	45	16
5755	1	35	1
5754	0	45	18
5753	0	25	14
5752	0	50	7
5751	1	35	0
5750	0	25	17
5749	0	25	0
5748	0	25	12
5747	1	35	0
5746	0	25	1
5745	0	50	13
5744	1	25	12
5743	1	25	0
5742	1	25	20
5741	0	35	12
5740	0	35	7
5739	0	56	1
5738	1	45	9
5737	0	18	0
5736	0	50	5
5735	0	18	2
5734	1	18	4
5733	0	25	12
5732	0	25	7
5731	0	18	4
5730	0	18	4
5729	0	25	7
5728	0	25	0
5727	1	18	0
5726	0	18	0
5725	0	50	16
5724	0	25	2
5723	0	25	4
5722	1	18	4
5721	0	18	4
5720	1	50	2
5719	1	18	4
5718	1	56	9
5717	1	56	1
5716	0	56	13
5715	0	35	7
5714	1	56	13
5713	1	50	6
5712	0	35	6
5711	0	18	4
5710	0	56	17
5709	0	45	12
5708	0	35	17
5707	1	50	3
5706	0	50	11
5705	0	35	18
5704	0	35	12
5703	0	35	7
5702	0	56	7
5701	0	25	7
5700	0	50	1
5699	0	35	2
5698	1	56	2
5697	0	35	18
5696	0	18	0
5695	0	18	19
5694	0	35	7
5693	0	50	7
5692	1	25	3
5691	1	56	13
5690	0	18	12
5689	1	35	3
5688	0	35	14
5687	0	25	12
5686	1	25	0
5685	1	56	1
5684	0	50	7
6036	0	1	10
5683	0	45	20
5682	0	18	4
5681	0	18	4
5680	1	35	7
5679	0	35	1
5678	0	18	3
5677	0	56	20
5676	0	18	0
5675	1	56	1
5674	0	25	17
5673	0	35	17
5672	1	25	14
5671	0	35	20
5670	0	18	10
5669	1	35	1
5668	1	18	4
5667	0	50	15
5666	0	50	12
5664	0	25	0
5665	0	35	1
5663	0	18	17
5662	0	18	4
5661	1	18	4
5660	1	25	2
5659	1	35	14
5658	0	25	2
5657	0	35	1
5656	0	25	17
5655	1	18	0
5654	1	35	1
5652	0	25	2
5653	0	35	17
5651	1	35	20
5649	1	25	7
5650	0	25	11
5648	0	25	6
5647	0	25	0
5646	1	35	7
5645	1	25	0
5644	0	25	6
5643	0	25	4
5642	0	45	11
5641	0	18	7
5640	0	35	17
5638	0	18	0
5639	0	18	5
5637	0	25	1
5635	0	35	17
5636	0	25	17
5634	1	35	6
5633	1	18	3
5632	0	18	0
5631	0	25	11
5630	0	18	4
5629	0	18	4
5627	0	56	1
5626	0	25	20
5625	0	18	17
5624	0	25	11
5623	0	18	12
5622	1	25	1
5621	1	45	1
5620	0	35	15
5619	0	25	11
5618	0	25	0
5617	1	35	0
5616	0	45	14
5615	1	25	0
5614	1	25	3
5628	0	18	3
5613	0	35	1
5612	1	45	3
5611	0	56	17
5610	0	18	4
5609	0	25	17
5608	0	25	12
5607	0	18	4
5606	0	35	12
5605	1	18	4
5604	0	18	0
5603	1	18	10
5602	0	18	10
5601	0	45	16
5600	0	50	6
5599	1	45	3
5598	0	25	7
5597	0	18	4
5596	0	35	17
5595	0	18	11
5594	0	35	14
5593	0	56	1
5592	0	35	1
5591	0	25	1
5590	0	25	3
5589	0	56	0
5588	0	45	12
5587	1	50	0
5586	1	45	11
5585	0	25	17
5584	0	25	7
5583	0	45	1
5582	0	56	13
5581	0	50	17
5580	0	18	4
5579	0	25	20
5578	1	35	2
5577	0	35	0
5576	0	18	4
5575	0	50	16
5574	1	18	4
5573	0	45	18
5572	0	50	7
5571	0	18	16
5570	0	25	7
5568	1	18	4
5569	0	18	19
5567	0	25	5
5566	1	35	3
5565	1	1	10
5564	0	35	6
5563	1	1	10
5562	0	35	7
5561	0	35	0
5560	1	18	4
5559	0	25	17
5558	1	25	2
5557	0	35	0
5556	0	35	14
5555	0	50	16
5554	0	25	12
5553	1	18	4
5552	0	45	7
5551	0	25	14
5550	0	18	12
5549	1	1	10
5548	0	56	7
5547	0	56	0
5546	1	35	17
5545	0	25	12
5544	0	18	4
5543	0	1	10
5542	0	18	4
5541	0	25	12
5540	0	50	7
5539	1	35	0
5538	0	18	10
5537	0	18	4
5536	1	25	17
5535	0	35	17
5534	1	25	1
5532	1	18	2
5533	0	25	2
5531	0	35	6
5530	0	35	11
5529	0	25	2
5528	0	35	17
5527	0	25	16
5526	1	25	0
5525	0	25	12
5523	0	25	2
5522	0	18	12
5524	1	45	4
5521	0	35	0
5520	0	25	0
5519	0	25	2
5518	0	25	1
5517	1	56	14
5516	1	25	14
5515	1	35	12
5514	1	35	14
5513	1	35	20
5512	0	56	7
5511	0	25	12
5510	0	50	7
5509	0	18	0
5508	0	35	6
5507	0	45	17
5506	1	25	2
5505	1	18	17
5504	0	35	12
5503	0	25	2
5502	1	18	14
5501	0	25	7
5500	0	25	12
5498	0	25	15
5499	0	35	6
5497	0	25	20
5496	0	45	14
5495	0	56	16
5494	0	25	2
5493	0	18	1
5492	1	18	4
5491	0	18	4
5489	0	25	5
5490	0	35	12
5488	0	35	17
5487	1	25	0
5486	0	35	12
5485	1	35	16
5484	0	25	6
5483	0	45	8
5482	0	35	20
5481	0	50	18
5480	0	25	2
5479	0	25	12
5478	0	18	4
5477	1	25	9
5476	0	56	1
5475	0	35	20
5473	1	25	7
5474	0	45	15
5472	1	18	14
5471	0	35	20
5470	0	25	4
5469	0	45	1
5468	0	25	16
5467	0	25	17
5466	0	35	20
5465	1	50	17
5464	1	18	4
5463	0	25	4
5462	0	50	5
5461	0	18	4
5460	1	35	2
5459	0	25	19
5458	0	25	12
5457	1	45	15
5456	0	35	0
5455	0	18	17
5454	0	25	5
5453	0	1	10
5452	0	50	14
5451	0	18	4
5450	1	25	0
5449	1	25	0
5448	0	18	1
5447	0	35	14
5446	0	25	20
5445	1	25	11
5444	0	18	2
5443	1	35	6
5442	0	25	0
5441	0	18	0
5440	1	50	1
5439	1	56	13
5438	0	25	7
5437	1	25	1
5436	0	35	12
5435	0	35	7
5434	0	50	6
5433	0	35	17
5432	1	18	20
5431	1	56	6
5430	1	25	6
5429	0	45	17
5428	1	18	4
5427	1	1	10
5426	0	25	0
5425	0	18	4
5424	0	25	7
5423	0	25	4
5422	0	35	0
5421	0	50	7
5420	0	35	20
5419	0	35	1
5418	0	50	17
5417	0	25	7
5416	1	25	7
5415	0	25	0
5414	1	18	1
5413	0	18	0
5412	0	18	4
5411	0	25	0
5410	0	25	17
5409	0	25	1
5408	1	35	12
5407	0	18	4
5406	0	50	2
5404	1	35	0
5405	1	1	10
5403	1	35	14
5402	0	35	17
5401	0	45	17
5400	0	25	17
5399	1	1	10
5398	0	56	17
5397	0	18	20
5396	0	35	12
5395	0	25	6
5394	0	45	17
5393	0	18	4
5392	1	35	0
5391	1	35	1
5390	0	25	2
5389	0	25	20
5388	0	35	20
5387	0	35	7
5386	0	35	12
5385	1	25	12
5384	0	25	4
5383	0	25	17
5382	0	35	7
5381	0	18	20
5380	0	56	13
5379	0	50	7
5378	1	25	2
5377	1	45	16
5376	1	50	13
5375	1	25	0
5374	1	25	0
5373	0	45	16
5372	0	45	1
5371	0	18	4
5370	1	25	7
5369	0	35	18
5368	0	18	2
5367	1	18	0
5366	0	25	18
5365	1	25	3
5364	0	25	17
5363	0	25	12
5362	0	18	4
5361	0	35	7
5360	0	25	20
5359	0	25	17
5358	0	25	20
5357	0	18	16
5356	0	50	2
5355	0	25	0
5354	0	35	16
5353	0	25	12
5352	0	35	7
5350	0	25	4
5351	0	25	4
5349	0	25	4
5348	0	25	4
5347	0	18	4
5346	1	25	7
5345	0	56	13
5344	1	50	0
5343	0	25	12
5342	0	35	11
5341	1	25	0
5340	0	35	12
5339	0	18	4
5338	1	18	1
5337	0	25	12
5336	1	50	6
5335	0	18	4
5334	0	18	0
5333	0	50	17
5332	1	18	4
5331	0	35	7
5330	1	56	1
5329	1	35	8
5328	0	25	4
5327	0	35	20
5326	0	35	7
5325	0	25	0
5324	0	18	0
5323	0	25	20
5322	0	25	18
5321	0	25	0
5320	0	35	7
5319	0	18	4
5318	0	18	0
5317	0	18	4
5316	0	25	11
5315	0	18	2
5314	0	1	0
5313	0	18	0
5312	1	35	9
5311	0	25	12
5310	0	25	12
5309	0	50	13
5308	0	56	11
5307	1	25	9
5306	0	35	11
5305	0	25	6
5304	0	35	12
5303	0	25	0
5302	0	45	3
5301	0	25	7
5300	0	35	16
5299	0	25	7
5298	0	25	14
5297	0	18	12
5296	0	1	19
5295	0	18	17
5294	0	35	12
5293	0	25	14
5292	0	25	5
5291	0	18	0
5290	1	1	2
5289	0	25	17
5288	0	1	10
5287	1	18	19
5286	0	18	4
5284	0	25	0
5283	0	35	18
5282	1	35	9
5281	1	25	17
5280	1	25	3
5279	0	1	10
5278	0	35	7
5277	1	35	0
5276	0	35	0
5275	0	25	12
5274	0	35	7
5273	1	56	3
5272	0	56	15
5271	0	18	7
5270	0	1	10
5269	0	18	10
5268	0	18	20
5267	0	25	17
5266	1	25	7
5265	0	25	12
5264	0	25	12
5263	0	45	17
5262	0	18	4
5261	1	50	1
5260	0	18	12
5259	0	25	6
5258	0	18	4
5256	0	1	17
5257	1	25	3
5255	0	18	19
5254	0	18	17
5253	0	25	0
5252	0	25	17
5251	0	18	4
5250	0	56	1
5249	0	25	4
5248	0	18	0
5247	0	18	19
5245	0	25	0
5246	0	18	4
5244	0	25	0
5243	0	18	1
5242	0	25	17
5241	0	35	7
5240	0	25	17
5239	1	35	14
5238	0	50	20
5237	1	35	14
5236	0	50	6
5235	1	50	7
5234	1	25	20
5233	1	25	5
5232	1	35	12
5231	1	25	20
5230	0	25	16
5229	0	18	4
5228	0	25	20
5227	0	35	12
5226	0	35	0
5224	0	18	4
5223	0	25	7
5222	0	25	17
5221	0	25	12
5220	0	50	0
5225	0	25	6
5219	0	18	4
5217	1	18	4
5218	0	25	4
5216	0	45	0
5215	0	18	4
5214	0	18	4
5213	0	35	7
5212	0	35	7
5211	0	18	2
5210	1	25	1
5209	0	25	0
5208	0	35	12
5207	0	56	1
5206	1	35	1
5205	0	45	2
5204	0	18	4
5203	0	1	19
5202	0	35	7
5201	1	45	0
5200	0	18	2
5199	0	35	7
5198	1	35	12
5197	0	56	0
5196	0	25	11
5195	0	56	7
5194	0	50	17
5193	0	25	0
5192	1	25	3
5190	1	50	14
5189	1	18	0
5191	0	25	7
5188	0	25	0
5186	1	18	0
5187	0	25	5
5185	1	25	7
5184	0	25	15
5183	0	25	3
5182	0	35	0
5181	0	18	4
5180	0	25	5
5179	0	25	17
5178	1	25	16
5285	1	18	2
5177	1	45	6
5176	0	35	17
5175	0	35	14
5174	0	25	12
5173	0	18	0
5172	0	25	7
5171	0	35	7
5170	0	25	7
5169	1	25	0
5168	0	35	1
5167	0	1	10
5166	0	45	12
5165	0	50	17
5164	0	18	20
5163	1	25	1
5162	0	1	10
5161	0	50	1
5160	0	56	6
5159	0	45	15
5158	0	1	10
5157	0	25	4
5156	0	25	0
5155	0	18	2
5154	0	45	16
5153	0	35	17
5152	0	18	14
5151	0	18	2
5150	1	35	14
5149	0	1	10
5148	0	35	0
5147	1	56	0
5146	1	56	16
5145	1	1	10
5144	0	45	20
5143	0	18	4
5142	0	25	1
5141	0	35	0
5140	1	50	6
5139	0	18	4
5138	0	50	1
5137	0	18	15
5136	0	25	6
5135	0	25	7
5134	1	25	1
5133	1	56	13
5132	1	56	0
5131	0	56	0
5130	0	56	13
5129	0	35	20
5128	1	45	12
5127	0	1	10
5126	1	45	6
5125	1	50	1
5124	0	45	7
5123	1	50	0
5122	0	50	0
5121	1	35	2
5120	0	25	0
5119	1	35	9
5118	0	25	7
5116	1	25	1
5115	0	50	6
5117	1	45	1
5114	1	35	1
5113	0	18	4
5112	0	25	17
5111	0	56	16
5110	0	25	7
5109	0	50	17
5108	1	35	3
5107	0	1	10
5105	1	25	20
5104	1	56	16
5103	0	25	15
5102	0	25	5
5101	1	56	1
5100	1	35	6
5099	0	45	1
5098	1	35	7
5097	0	35	14
5096	0	18	4
5095	0	25	15
5093	1	25	1
5094	1	25	20
5092	0	1	10
5091	0	18	20
5090	1	50	6
5089	1	45	12
5087	0	35	0
5086	0	45	7
5085	0	35	7
5084	0	18	0
5083	0	56	12
5082	0	50	17
5080	0	35	7
5081	0	45	2
5079	0	56	16
5078	0	50	20
5077	1	25	0
5076	1	50	7
5075	0	35	1
5074	0	35	1
5073	0	35	2
5072	0	50	11
5071	0	1	10
5070	0	18	10
5069	1	25	1
5068	0	25	0
5066	0	25	7
5067	0	56	7
5064	0	56	2
5065	1	18	0
5063	0	50	12
5062	1	25	11
5061	0	25	0
5060	0	25	12
5059	0	45	1
5058	1	25	1
5057	0	35	19
5056	0	35	0
5055	0	35	14
5054	0	25	2
5053	0	18	0
5052	0	1	10
5051	0	25	6
5050	0	25	20
5049	1	25	9
5048	1	25	16
5047	0	50	16
5046	0	25	4
5045	1	56	0
5044	1	35	17
5043	0	50	11
5042	0	50	0
5041	0	18	6
5040	1	25	9
5039	1	35	3
5037	0	25	0
5036	0	18	2
5035	1	18	4
5034	0	25	17
5033	0	1	19
5032	0	45	20
5031	0	25	15
5030	1	25	6
5029	0	25	4
5027	0	50	11
5026	0	25	2
5028	0	25	3
5025	0	35	11
5024	0	18	4
5023	0	50	12
5022	0	35	3
5021	0	50	7
5020	0	25	0
5019	0	25	8
5038	1	35	1
5018	0	56	13
5017	1	45	17
5016	0	35	3
5015	0	56	16
5014	0	35	0
5013	0	18	4
5012	0	35	1
5011	0	18	20
5010	0	35	0
5009	0	25	3
5008	0	56	13
5007	1	35	1
5005	0	25	16
5006	1	45	0
5004	0	18	4
5003	1	45	7
5002	0	25	0
5001	0	25	7
5000	0	35	16
4999	0	50	16
4998	0	25	5
4997	1	35	1
4996	0	18	2
4995	0	35	7
4994	0	45	7
4993	1	56	15
4992	1	35	1
4991	0	25	11
4990	0	45	2
4989	0	35	5
4988	1	50	11
4987	0	25	20
4986	1	1	10
4985	0	56	18
4984	0	18	0
4983	0	35	6
4982	0	45	14
4981	0	25	1
4980	1	25	0
4979	1	35	2
4977	0	35	0
4976	0	1	10
4975	0	35	0
4974	0	1	0
4973	0	45	17
4972	0	25	1
4971	1	25	0
4970	0	18	10
4969	0	45	0
4968	0	50	19
4967	0	35	7
4966	0	25	7
4965	1	25	0
4964	0	45	12
4962	0	35	12
4961	1	18	4
4960	0	25	20
4958	1	45	2
4957	0	50	16
4959	1	35	7
4956	1	25	6
4955	0	45	17
4953	1	25	6
4954	1	25	3
4952	0	25	3
4951	1	45	9
4950	0	25	7
4949	0	56	7
4947	0	18	4
4948	0	45	7
4946	0	56	0
4945	0	1	19
4944	0	25	7
4943	0	18	4
4942	0	25	16
4941	1	1	10
4940	0	35	6
4939	0	25	7
4938	0	18	5
4937	1	18	4
4936	0	50	14
4935	1	18	0
4934	1	56	6
4933	0	1	10
4932	0	18	17
4931	0	35	7
4929	0	25	17
4928	0	25	0
4927	0	35	1
4926	0	18	1
4925	1	45	7
4924	0	35	11
4923	0	35	6
4922	0	18	4
4921	1	50	1
4919	0	56	1
4918	0	18	10
4920	1	56	6
4917	1	50	16
4916	0	18	6
4915	0	18	4
4914	1	18	9
4913	1	25	1
4912	0	25	15
4911	0	18	14
4930	0	50	13
4910	0	35	1
4909	0	18	4
4908	0	56	7
4907	0	56	14
4906	0	50	0
4905	0	25	2
4904	1	18	4
4903	0	56	16
4902	0	25	0
4900	0	25	1
4901	0	35	17
4899	0	18	7
4898	0	56	13
4897	0	18	12
4896	0	18	2
4895	0	18	20
4894	0	50	13
4893	1	35	7
4892	0	18	4
4891	0	18	12
4889	0	25	1
4890	1	45	2
4887	1	25	3
4888	0	18	1
4886	0	50	7
4885	0	25	7
4884	0	50	3
4883	1	18	16
4882	0	25	20
4881	0	35	17
4880	0	25	12
4879	1	25	20
4877	0	25	15
4876	0	18	4
4875	0	18	10
4874	1	1	10
4873	0	25	12
4872	1	50	2
4871	0	45	7
4870	1	35	1
4869	0	18	0
4868	0	18	14
4867	0	25	0
4866	1	35	0
4864	0	1	10
4865	1	25	19
4863	0	25	12
4862	0	56	6
4861	1	50	1
4860	1	25	0
4859	0	25	20
4858	0	56	3
4857	0	45	12
4856	1	25	0
4855	1	25	7
4854	1	18	16
4853	1	25	2
4852	0	56	1
4851	1	25	17
4850	0	56	0
4849	0	50	1
4848	1	50	20
4847	0	35	7
4846	0	1	10
4845	0	35	19
4844	1	25	4
4842	1	35	1
4840	0	18	19
4843	1	1	0
4841	0	45	7
4838	0	25	0
4837	0	45	0
4839	1	35	0
4836	0	50	16
4835	0	25	12
4834	1	25	1
4833	1	1	10
4832	1	18	14
4831	0	35	1
4963	0	1	10
4830	0	50	13
4829	0	1	0
4828	0	18	4
4827	0	35	12
4826	1	25	1
4825	0	25	7
4824	1	56	0
4823	1	50	7
4822	0	50	0
4821	0	25	0
4820	0	35	7
4819	0	25	17
4815	0	18	4
4817	1	50	1
4818	0	50	0
4816	0	56	13
4814	0	35	17
4813	0	25	2
4812	0	25	12
4811	0	56	15
4810	0	25	7
4809	0	1	10
4808	0	18	0
4806	0	35	0
4805	0	25	2
4807	0	50	13
4804	0	45	7
4803	0	18	20
4800	0	50	1
4802	0	25	1
4799	1	25	4
4798	0	25	11
4801	0	25	12
4797	1	18	4
4796	1	45	20
4795	0	18	4
4794	1	25	7
4793	1	25	1
4791	0	18	4
4792	1	35	20
4790	1	25	20
4789	1	18	14
4788	0	1	10
4787	1	35	0
4786	0	35	15
4785	0	25	4
4784	0	25	17
4783	0	18	4
4781	0	35	0
4782	1	35	20
4780	0	35	2
4779	0	50	0
4778	0	25	7
4777	0	56	13
4776	1	35	20
4775	1	18	1
4772	0	25	17
4773	0	25	20
4774	1	18	14
4771	0	45	7
4770	0	35	7
4769	0	25	17
4767	0	18	4
4766	0	25	4
4765	0	1	10
4764	0	25	1
6035	1	18	20
4763	0	25	4
4762	0	25	15
4761	0	50	2
4760	1	56	13
4759	0	25	6
4758	1	45	6
4757	0	18	20
4756	0	35	2
4755	0	45	7
4754	0	50	17
4753	0	35	17
4752	1	18	0
4751	0	18	4
4749	0	35	1
4748	0	1	10
4747	0	25	19
4746	0	50	1
4750	1	18	1
4745	0	45	16
4744	0	35	4
4743	0	35	17
5950	1	50	7
4742	1	35	19
4741	0	45	6
4740	0	35	0
4739	1	35	0
4738	0	25	7
4736	0	25	5
4737	1	50	20
4735	1	35	6
4734	0	1	0
4733	0	25	7
4732	0	35	6
4729	0	25	14
4730	0	1	10
4728	1	25	2
4731	0	18	4
4727	0	25	19
4726	0	25	14
4725	0	45	20
4724	0	25	3
4723	0	56	13
4722	0	1	10
4721	0	25	14
4720	0	45	0
4719	0	18	10
4718	0	25	14
4717	0	18	4
4716	1	18	4
4715	0	35	7
4712	0	50	2
4713	0	45	7
4714	0	18	16
4711	1	25	3
4710	0	25	4
4709	1	25	14
4708	0	56	0
4707	1	35	2
4705	0	35	16
4703	0	25	1
4704	1	25	0
4706	0	1	10
4702	0	35	14
4701	0	18	14
4700	0	56	1
4699	0	45	0
4698	0	25	7
4697	0	25	17
4696	0	50	7
4695	0	35	0
4694	1	50	20
4693	0	56	17
4691	0	25	0
4692	0	35	18
4690	0	25	7
4689	0	18	7
4688	0	35	0
4687	0	35	14
4686	1	25	9
4685	1	25	2
4684	0	35	20
4683	1	18	1
4682	1	1	10
4681	0	50	7
4680	1	35	0
4679	1	25	17
4678	0	35	20
4677	0	1	10
4676	1	25	2
4675	1	45	20
4674	1	18	4
4673	0	45	0
4672	0	35	17
4671	0	35	1
4670	0	25	20
4669	1	25	0
4668	0	35	12
4667	0	50	7
4665	1	45	2
4666	1	1	10
4664	0	1	10
4663	0	25	12
4662	1	25	3
4661	0	25	5
4660	0	35	2
4659	1	50	2
4658	0	1	10
4657	1	25	1
4656	0	50	1
4655	1	45	5
4654	1	45	1
4653	0	35	16
4651	1	45	7
4652	1	56	13
4649	0	1	10
4648	0	18	11
4650	1	45	1
4647	1	25	7
4646	0	18	10
4645	1	25	5
4644	1	25	0
4643	1	50	13
4641	0	56	20
4640	0	25	17
4639	0	35	16
4642	0	35	15
4638	0	45	3
4635	0	18	4
4636	1	25	3
4637	0	25	2
4634	1	25	12
4632	0	35	7
4633	1	56	16
4630	0	18	17
4629	0	25	7
4627	1	18	1
4626	0	18	4
4625	1	25	0
4631	0	50	16
4624	0	56	13
4623	0	25	4
4622	1	35	15
4621	0	25	0
4620	0	18	4
4628	0	50	7
4619	0	35	1
4618	0	25	17
4617	0	18	3
4616	0	18	4
4613	0	45	14
4615	0	25	14
4614	0	35	16
4612	0	18	4
4611	1	25	1
4610	0	18	4
4609	1	1	10
4608	0	35	17
4605	0	25	4
4607	0	35	0
4606	0	1	10
4604	0	18	14
4603	0	25	12
5088	1	45	11
4601	1	35	3
4600	0	18	4
4602	0	56	6
4599	0	35	1
4598	1	18	14
4597	1	1	10
4596	0	25	14
4595	1	50	6
4594	0	50	3
4593	0	18	2
4592	0	35	3
4591	0	35	12
4590	0	35	16
4589	0	18	2
4587	0	35	2
4588	1	25	4
4584	0	25	2
4583	0	35	12
4585	0	18	4
4582	1	25	3
4586	0	35	20
4581	0	18	4
4579	0	35	20
4578	1	56	13
4577	0	25	14
4576	0	18	4
4580	1	45	0
4575	0	25	2
4574	0	25	1
4573	0	1	0
4572	1	25	0
4571	1	18	4
4570	1	45	0
4569	0	35	16
4567	0	50	16
4568	0	35	12
4566	0	50	16
4565	0	18	4
4563	0	25	5
4562	0	1	14
4561	0	56	20
4559	0	18	4
4560	0	25	17
4558	0	25	7
4556	0	25	14
4555	0	25	4
4557	1	25	2
4553	1	18	0
4554	1	45	1
4552	0	1	10
4551	1	50	2
4564	0	25	20
4550	0	35	17
4549	0	25	7
4548	0	18	4
4546	0	25	12
4547	1	25	9
4545	0	25	16
4544	0	35	7
4543	0	25	7
4542	1	35	2
4541	0	50	7
4540	0	18	4
4539	0	25	12
4537	1	25	14
4538	0	25	17
4536	0	18	0
4535	0	25	17
4533	0	50	5
4534	0	18	4
4532	0	1	10
4530	0	25	17
4529	0	25	11
4531	0	18	4
4528	0	25	12
4527	0	18	19
4978	0	50	11
4525	0	25	7
4524	0	35	17
4523	1	1	10
4522	0	1	0
4521	1	25	1
4520	0	35	12
4519	0	25	20
4518	1	35	16
4517	0	18	4
4516	0	25	16
4515	1	25	12
4513	0	18	0
4514	0	25	2
4512	0	18	4
4511	0	25	17
4509	1	25	7
4510	0	35	20
4508	0	25	17
4507	0	18	4
4506	1	25	16
4505	0	56	17
4503	0	18	10
4502	0	25	15
4501	0	18	4
4500	0	25	4
4499	0	45	17
4498	0	18	14
4497	0	45	1
4504	0	50	12
4495	1	18	20
4496	1	35	3
4494	0	18	20
4493	0	25	3
4492	0	25	3
4490	0	45	0
4491	0	56	17
4489	0	18	17
4488	0	25	11
4487	0	25	12
4486	0	25	20
4485	0	25	4
4484	0	56	13
4482	0	35	1
4480	0	35	6
4481	0	18	4
4483	0	25	11
4479	0	45	20
4478	1	25	15
4477	1	35	12
4475	1	18	0
4476	0	18	4
4768	1	18	4
4474	0	18	6
4473	0	35	8
4472	1	25	3
4471	1	18	4
4470	0	18	20
4469	1	1	10
4467	0	50	1
4468	0	45	17
4466	0	35	16
4465	0	25	12
4464	1	1	10
4463	1	56	13
4462	0	18	17
4461	0	25	20
4460	1	25	3
4459	0	1	0
4457	0	25	6
4458	1	50	7
4456	1	45	9
4455	0	56	0
4454	0	18	4
4451	0	25	0
4453	1	18	4
4526	1	18	4
4452	0	18	0
4450	0	35	6
4449	0	25	19
4448	0	56	20
4447	0	45	7
4446	1	25	3
4445	0	25	11
4444	0	25	0
4443	0	35	1
4442	0	50	7
4441	0	35	7
4440	0	25	16
4439	1	35	20
4438	0	35	1
4437	1	18	5
4436	0	25	12
4435	0	35	13
4434	0	25	0
4433	0	35	7
4432	0	25	12
4431	1	25	7
4430	1	25	0
4429	0	25	11
4428	1	18	0
4427	1	35	3
4426	0	45	1
4424	0	25	11
4423	1	35	9
4422	0	25	11
4421	0	25	0
4420	0	25	17
4419	0	18	20
4417	0	35	0
4418	1	45	7
4416	0	25	0
4413	0	25	12
4414	0	50	0
4415	0	50	3
4412	0	25	20
4411	0	25	4
4410	0	18	4
4409	0	50	15
4408	0	25	0
4407	0	45	0
4406	0	18	4
4405	0	18	17
4402	0	18	20
4403	0	18	4
4404	0	45	17
4401	1	50	0
4400	0	25	16
4399	1	45	7
4397	1	56	0
4398	0	25	0
4396	1	25	19
4395	0	56	0
4394	1	18	17
4393	0	25	17
4392	0	35	17
4389	0	25	0
4391	0	50	13
4390	0	45	2
4388	0	18	12
4387	1	18	9
4386	0	25	20
4385	0	18	18
4384	0	50	14
4382	0	18	19
4383	0	25	19
4381	0	25	12
4380	0	25	16
4379	0	18	0
4375	1	45	0
4376	0	18	4
4378	0	25	17
4377	1	45	0
4374	1	35	6
4373	1	18	9
4372	1	25	2
4371	0	35	7
4370	0	25	12
4369	0	18	4
4368	1	18	4
4367	0	45	17
4366	0	25	14
4365	0	50	16
4363	0	35	2
4361	1	25	17
4364	1	56	13
4362	0	35	0
4359	0	25	17
4360	0	1	10
4358	0	35	2
4357	1	25	6
4355	0	18	4
4356	0	18	14
4354	1	18	17
4353	0	25	12
4352	0	25	20
4350	0	18	4
4349	0	25	2
4348	1	25	7
4346	0	18	3
4345	0	35	12
4343	0	35	12
4344	0	25	3
4342	1	18	4
4347	0	35	5
4351	0	35	16
4340	1	25	17
4341	0	35	20
4338	0	25	12
4337	0	25	12
4335	0	25	1
4339	0	35	7
4333	1	18	4
4332	0	35	2
4336	1	25	19
4330	0	25	20
4331	1	25	4
4334	0	18	10
4329	0	18	15
4328	0	25	4
4327	1	18	4
4326	0	25	20
4325	0	50	1
4323	0	25	0
4324	0	25	0
4322	0	18	0
4321	1	18	4
4320	0	25	0
4319	0	25	0
4317	0	25	17
4315	0	25	16
4318	0	25	0
4314	1	50	6
4313	0	18	4
4308	0	18	16
4310	0	18	4
4309	0	18	19
4307	0	35	0
4312	0	35	17
4311	0	18	4
4304	0	18	19
4305	0	25	2
4306	0	35	16
4303	0	18	4
4300	0	25	7
4301	1	18	4
4302	1	18	0
4299	0	18	4
4297	0	18	14
4298	0	45	17
4296	0	18	20
4295	0	56	8
4294	0	35	20
4293	0	35	16
4292	0	56	16
4291	0	56	1
4316	0	35	7
4290	0	25	15
4289	0	35	17
4288	0	35	12
4286	0	45	0
4285	0	25	4
4284	0	25	0
4287	0	50	1
4281	0	25	2
4282	0	50	5
4280	0	35	20
4279	0	25	3
4278	0	35	6
4283	0	18	19
4277	1	18	4
4273	1	25	1
4275	0	25	4
4274	1	25	0
4272	0	25	16
4271	1	25	3
4276	0	35	0
4266	0	25	14
4269	0	35	7
4268	0	18	0
4270	0	18	4
4267	1	45	0
4265	0	25	20
4264	0	45	16
4261	0	25	17
4263	0	35	16
4262	0	25	17
4260	0	56	2
4256	0	18	4
4259	0	25	17
4258	0	25	4
4257	0	25	0
4255	0	25	20
4253	0	18	4
4252	0	18	1
4251	0	35	1
4250	1	35	0
4249	0	45	0
4247	0	18	4
4246	0	18	20
4248	0	18	4
4254	0	45	1
4242	0	18	8
4245	0	45	2
4244	0	1	10
4240	0	25	0
4241	0	18	4
4238	1	25	2
4236	0	25	4
4239	0	25	11
4237	0	18	17
4235	0	50	11
4234	0	35	7
4232	0	45	11
4233	0	35	11
4231	0	18	4
4230	1	25	6
4229	0	18	4
4228	0	25	2
4225	0	25	7
4224	0	18	4
4226	0	18	4
4222	0	18	17
4220	1	18	4
4219	1	25	14
4221	0	50	13
4216	0	56	2
4215	1	25	12
4217	1	35	6
4214	0	50	7
4227	0	1	1
4213	1	35	9
4212	0	35	1
4211	0	1	8
4210	1	35	12
4209	0	25	20
4218	0	25	20
4204	1	25	0
4207	1	35	1
4198	1	18	4
4425	0	25	7
4201	0	45	11
4208	1	25	1
4206	0	18	4
4205	0	25	16
4203	0	18	4
4223	0	18	4
4199	1	18	4
4195	0	18	17
4197	0	35	5
4196	0	25	19
4200	0	25	0
4194	0	25	2
4193	0	35	7
4191	0	18	4
4190	0	25	12
4192	0	18	0
4189	0	18	4
4185	0	25	12
4184	1	18	4
4202	0	25	2
4183	0	45	12
4187	0	18	4
4186	0	35	5
4182	0	35	7
4181	0	18	5
4188	0	25	19
4180	0	25	12
4878	0	50	0
4179	0	25	0
4178	0	18	4
4177	0	56	7
4176	0	1	10
4175	1	18	4
4172	1	25	4
4174	0	56	16
4173	0	50	16
4171	0	50	14
4170	0	18	4
4169	0	35	7
4168	1	18	1
4167	0	25	7
4166	0	50	7
4165	0	50	11
4164	0	45	14
4163	0	56	13
4162	1	45	1
4161	0	50	20
4159	0	35	7
4160	0	45	7
4243	0	35	12
4158	0	25	12
5901	1	45	20
4157	0	1	10
4154	0	25	4
4152	0	35	0
4151	0	35	2
4150	0	35	16
4153	1	50	0
4155	0	45	20
4147	0	50	17
4146	0	25	12
4149	0	56	15
4145	0	35	12
4143	0	18	14
4144	0	50	6
4142	0	45	1
4139	0	25	20
4138	1	35	0
4134	1	35	7
4140	0	35	14
4135	0	56	13
4148	1	50	2
4136	0	25	12
4137	1	45	6
4130	0	56	12
4129	0	50	7
4128	0	25	19
4126	0	35	0
4122	0	18	1
4125	1	35	20
4121	1	25	5
4127	0	35	17
4123	0	56	13
4124	0	18	4
4133	0	1	10
4120	1	18	4
4118	0	25	4
4141	0	25	17
4117	1	35	14
4132	0	50	13
4116	0	45	7
4114	0	18	10
4115	1	45	6
4113	0	1	0
4110	1	35	7
4109	0	56	12
4111	1	25	7
4107	0	35	7
4106	1	56	6
4108	0	50	7
4103	1	1	0
4105	0	35	7
4102	0	1	10
4104	1	1	10
4119	0	25	15
4101	0	25	2
4156	0	25	7
4131	0	18	19
4100	0	25	17
4096	0	1	10
4112	0	35	0
4089	0	25	11
4095	1	25	2
4097	1	35	2
4099	0	25	12
4093	0	35	17
4094	0	35	5
4092	0	18	4
4088	1	18	4
4085	0	25	20
4086	0	25	14
4098	0	25	7
4084	0	1	10
4090	0	18	17
4091	0	25	12
4081	1	18	4
4082	0	35	1
4087	1	25	2
4083	0	25	16
4080	0	1	19
4079	0	35	0
4078	1	18	4
4077	1	25	1
4076	1	50	13
4075	0	45	7
4074	1	50	3
4073	1	18	1
4072	1	50	9
4071	1	25	6
4070	0	56	17
4069	0	25	20
4067	0	50	7
4066	0	25	11
4065	1	25	3
4068	0	50	13
4063	1	25	14
4064	0	45	17
4061	0	25	1
4059	0	35	17
4060	0	18	4
4062	0	35	5
4058	0	56	6
4057	0	1	10
4056	0	56	17
4055	0	35	7
4054	0	56	1
4053	0	1	10
4051	0	25	14
4052	0	18	10
4048	0	45	12
4049	0	50	13
4050	0	25	17
4047	1	25	1
4046	0	50	6
4045	0	25	7
4044	0	25	20
4043	0	18	4
4042	0	35	17
4041	0	35	2
4040	0	25	1
4039	0	35	0
4038	0	25	0
4037	1	50	9
4036	1	35	3
4035	0	18	4
4034	0	50	1
4032	1	56	13
4033	0	1	10
4031	0	45	19
4028	0	18	4
4030	0	35	0
4029	0	50	16
4027	0	25	3
4026	1	35	7
4025	0	18	4
4024	1	35	3
4023	0	25	4
4022	0	45	0
4021	0	18	4
4020	0	18	4
4019	1	56	2
4018	0	25	17
4017	0	35	16
4016	0	50	1
4014	0	25	7
4015	0	25	0
4013	0	25	7
4012	0	18	4
4011	0	1	19
4010	0	56	13
4009	0	50	16
4008	1	25	9
4007	0	45	6
4006	1	25	12
4005	0	25	4
4004	0	35	20
4003	0	50	14
4002	1	45	20
4001	1	45	2
4000	1	18	0
3998	1	25	14
3999	0	56	14
3997	1	45	1
3995	0	50	16
3996	1	25	7
3994	1	25	20
3993	0	1	10
3992	0	25	14
3991	1	45	0
3990	1	1	0
3989	0	35	1
3988	0	1	10
3987	0	50	6
3986	1	50	0
3985	1	35	3
3984	0	35	7
3983	0	1	10
3982	0	45	11
3981	0	25	12
3980	0	50	11
3979	0	25	4
3977	0	35	1
3978	1	56	1
3976	0	35	0
3975	0	1	1
3974	0	56	1
3973	0	18	4
3972	0	25	4
3970	0	35	1
3971	0	25	6
3969	1	25	6
3968	0	50	16
3967	1	35	12
3966	0	56	15
3965	1	35	6
3964	0	45	7
3963	1	50	12
3961	1	18	4
3962	0	18	4
3959	1	25	4
3960	0	18	4
3958	0	18	0
3957	0	18	4
3956	0	1	10
3955	0	25	11
3954	0	18	17
3953	0	1	19
3952	0	18	4
3951	0	18	4
3949	0	18	0
3950	0	35	14
3948	0	25	0
3946	0	50	7
3947	0	35	17
3945	0	35	17
3944	1	35	20
3943	0	56	1
3941	0	18	0
3942	0	35	2
3940	0	56	13
3939	1	25	17
3938	0	18	5
3937	0	35	20
3936	1	18	0
3935	1	25	0
3934	0	25	16
3933	0	25	11
3932	0	35	12
3931	0	45	15
3930	0	25	1
3929	1	18	20
3928	0	25	1
3927	0	1	10
3926	0	25	16
3925	0	50	11
3924	0	56	13
3923	1	45	12
3922	0	25	6
3921	0	18	18
3920	0	35	17
3919	0	18	4
3918	0	56	13
3917	0	25	14
3916	0	35	4
3915	0	1	0
3914	0	56	13
3913	0	35	12
3911	1	35	0
3912	0	25	0
3910	0	35	3
3909	0	56	14
3908	0	18	4
3907	1	45	1
3906	0	25	5
3905	0	45	0
3903	0	25	0
3904	0	56	14
3902	1	1	10
3901	0	18	10
3900	0	50	1
3899	0	35	18
3898	1	1	10
3897	1	18	4
3896	1	50	3
3895	0	45	14
3894	1	50	16
3893	1	45	14
3892	0	18	4
3891	0	18	0
3890	0	18	10
3889	0	18	2
3888	1	18	0
3887	1	18	0
3886	0	25	0
3884	1	18	4
3885	0	56	13
3883	0	18	4
3882	0	18	16
3881	0	25	12
3880	1	1	10
3879	0	18	19
3878	1	18	3
3877	0	25	12
3876	1	50	14
3875	1	18	19
3874	1	35	2
3873	1	1	10
3872	0	18	0
3871	0	35	0
3870	0	25	7
3869	0	1	10
3868	1	25	6
3867	0	1	10
3865	0	1	0
3866	1	50	16
3864	0	35	0
3863	0	18	20
3862	0	50	13
3861	0	50	12
3859	0	25	4
3860	0	1	19
3858	1	35	20
3857	0	45	14
3856	1	25	0
3855	0	25	12
3854	0	25	0
3852	1	25	4
3853	1	56	1
3851	0	18	4
3849	0	45	17
3848	0	18	5
3850	0	45	16
3847	1	18	19
3846	0	1	10
3845	1	25	15
3842	0	18	4
3841	1	25	0
3843	0	1	10
3844	0	25	17
3840	0	1	10
3839	0	25	12
3837	1	25	1
3838	1	35	9
3836	0	1	10
3835	0	35	1
3834	0	56	20
3833	1	1	10
3831	0	45	12
3832	0	56	3
3830	1	25	7
3829	0	45	7
3827	0	18	4
3828	0	25	0
3826	0	35	7
3825	0	45	17
3824	0	45	6
3822	0	18	4
3823	1	25	0
3821	1	25	1
3820	1	25	0
3819	1	25	20
3818	0	1	10
3817	0	35	17
3816	0	25	6
3815	1	50	3
3814	0	56	17
3813	1	45	1
3812	0	25	2
3810	0	25	12
3811	0	25	5
3809	1	25	7
3808	0	50	14
3807	0	25	12
3806	0	45	0
3805	1	45	1
3804	0	50	11
3803	0	25	14
3802	1	35	3
3801	0	56	1
3799	0	1	10
3800	0	1	10
3798	1	35	6
3797	1	25	4
3796	0	18	10
3795	0	45	12
3792	0	45	5
3791	0	18	4
3790	0	45	2
3789	0	1	10
3794	0	1	10
3788	0	25	0
5106	0	45	2
3787	1	35	12
3793	0	25	5
3785	0	18	19
3786	0	35	14
3784	1	18	1
3783	1	50	0
3782	0	35	5
3781	1	35	6
3780	1	45	15
3779	1	18	4
3778	1	18	4
3777	1	56	16
3776	1	25	20
3775	0	25	5
3774	0	45	17
3773	0	25	6
3772	1	45	7
3771	0	56	13
3770	1	50	2
3769	1	56	13
3768	1	35	1
3767	1	45	0
3766	0	18	1
3765	0	50	14
3764	0	25	0
3763	0	25	6
3762	0	18	2
3761	0	56	7
3760	0	56	13
3759	1	45	9
3758	0	50	17
3757	0	50	7
3756	0	56	6
3755	0	45	11
3754	0	50	2
3753	0	35	18
3752	0	25	20
3751	1	1	10
3750	0	35	17
3749	0	56	0
3748	0	1	10
3747	1	50	1
3746	0	25	0
3745	0	45	1
3744	0	50	15
3743	1	56	3
3742	0	56	13
3741	0	45	11
3740	1	25	6
3739	0	56	13
3738	0	35	17
3737	1	18	10
3736	0	56	13
3735	1	25	12
3734	0	50	12
3733	0	50	17
3732	0	45	12
3731	0	50	20
3730	1	18	4
3729	0	25	17
3728	1	45	16
3727	1	45	0
3726	0	45	12
3725	1	25	4
3724	0	45	0
3723	1	50	6
3722	1	25	1
3721	0	56	7
3720	0	35	0
3719	1	45	9
3718	0	56	7
3717	0	35	7
3716	1	50	1
3715	0	25	7
3714	1	56	13
3713	0	35	3
3712	0	35	17
3711	1	18	4
3710	0	18	4
3709	0	18	10
3708	0	56	7
3707	1	56	15
3706	0	45	7
3705	0	56	1
3704	0	56	14
3703	0	50	6
3702	1	56	7
3701	0	50	17
3700	0	35	18
3699	0	35	17
3698	0	45	17
3697	1	56	3
3696	0	35	2
3695	0	56	1
3693	0	35	3
3694	1	45	1
3692	0	25	12
3691	0	35	16
3690	1	1	10
3689	0	35	1
3687	0	50	12
3688	0	25	8
3686	0	18	4
3685	1	25	0
3683	0	50	13
3684	1	35	9
3682	0	35	11
3681	1	45	9
3680	1	50	16
3679	1	35	14
3678	1	56	6
3677	0	56	13
3676	0	50	6
3675	0	56	7
3674	0	25	14
3673	0	50	14
3672	1	56	9
3671	0	50	7
3670	1	45	16
3669	1	25	9
3668	1	56	13
3667	0	35	14
3666	0	50	1
3665	1	35	7
3664	1	45	7
3663	0	45	7
3662	0	25	14
3661	1	50	7
3660	0	25	1
3659	0	35	0
3657	0	25	3
3658	0	18	18
3656	0	25	4
3655	1	35	9
3654	0	50	13
3653	1	25	14
3652	0	35	17
3651	1	45	2
3650	1	25	0
3649	0	25	17
3648	0	56	5
3647	0	25	16
3646	1	25	6
3645	0	50	18
3644	1	56	3
3643	0	56	13
3642	0	35	6
3641	0	35	7
3640	1	18	0
3639	1	35	11
3638	0	25	0
3637	0	35	17
3636	1	25	16
3635	0	25	4
3634	0	45	17
3633	0	18	4
3632	0	18	7
3631	0	50	8
3630	1	56	12
3629	0	35	16
3628	1	45	1
3627	1	35	9
3626	0	56	7
3625	1	35	14
3624	0	56	13
3623	1	56	7
3622	0	25	1
3620	0	25	7
3621	0	45	7
3619	0	45	1
3618	1	1	10
3617	0	25	0
3615	0	50	7
3614	0	35	7
3613	1	50	9
3612	1	45	9
3611	0	25	17
3616	1	35	14
3610	0	56	0
3609	1	25	14
3608	0	45	17
3607	0	25	2
3605	0	25	4
3603	1	25	4
3604	0	25	4
3601	0	25	4
3606	0	25	4
3600	0	25	4
3599	0	25	7
3602	0	25	4
3598	0	35	1
3597	0	45	17
3596	0	50	17
3595	1	45	6
3594	0	35	17
3593	1	35	0
3592	1	45	4
3591	0	25	0
3590	0	18	7
3589	0	25	14
3588	0	35	6
3587	0	56	13
3586	0	45	16
3585	0	45	12
3584	0	45	7
3583	0	25	7
3582	0	18	0
3581	0	35	7
3580	0	25	5
3579	0	25	0
3578	0	25	7
3577	0	50	7
3576	1	50	1
3575	0	18	4
3573	0	35	1
3574	0	25	7
3572	1	18	4
3571	0	50	6
3570	0	25	15
3569	0	1	10
3568	0	50	1
3567	0	25	4
3566	0	35	18
3565	0	50	13
3564	0	25	18
3563	0	25	12
3562	0	25	12
3561	1	25	18
3559	0	50	12
3560	0	45	0
3558	0	50	1
3557	1	25	1
3556	1	18	20
3555	0	35	14
3554	1	50	3
3553	0	56	13
3552	0	45	5
3551	0	35	14
3550	0	18	12
3549	0	45	7
3548	1	45	2
3547	1	35	9
3546	0	25	12
3545	0	35	7
3544	1	45	2
3543	0	45	2
3542	0	18	4
3541	1	18	4
3540	0	50	1
3539	1	50	14
3538	0	56	18
3537	0	50	0
3536	0	56	1
3535	0	25	15
3534	0	56	13
3533	0	35	17
3532	0	25	7
3531	0	25	7
3530	1	25	14
3529	0	25	4
3528	1	35	3
3527	0	25	5
3526	0	25	7
3525	0	25	7
3524	1	45	14
3523	0	56	1
3522	0	56	14
3521	0	45	12
3520	1	45	6
3519	1	35	9
3518	0	25	7
3517	1	45	2
3516	1	56	2
3515	0	35	17
3514	0	18	11
3513	0	25	17
3512	1	56	9
3511	1	35	1
3510	0	56	13
3509	0	35	15
3508	0	56	0
3507	1	35	9
3506	0	18	0
3505	1	45	7
3504	1	56	13
3503	1	25	3
3502	1	50	6
3500	1	56	2
3501	0	56	13
3499	0	35	11
3498	0	56	13
3497	0	35	7
3496	1	45	6
3495	1	35	5
3494	1	45	13
3493	1	35	0
3492	0	45	1
3491	0	56	13
3490	1	56	13
3489	1	35	0
3488	1	35	6
3487	0	56	13
3486	0	50	7
3485	0	25	12
3484	1	25	9
3483	0	25	7
3482	0	25	1
3481	0	56	7
3480	0	25	4
3479	1	18	19
3478	0	56	17
3477	0	18	10
3476	1	45	6
3475	0	25	15
3474	0	18	0
3473	0	45	13
3472	1	35	20
3471	0	35	5
3470	0	35	17
3469	0	25	0
3468	0	25	17
3467	0	45	0
3466	1	56	14
3465	0	35	17
3464	0	35	14
3463	0	45	16
3462	0	50	6
3461	0	35	7
3460	0	18	17
3459	0	25	7
3458	0	50	7
3457	0	35	15
3456	1	45	1
3455	0	25	11
3454	1	25	1
3453	0	35	7
3451	1	56	1
3452	0	45	15
3450	0	25	20
3449	0	35	7
3448	1	56	13
3447	0	25	0
3446	0	18	4
3445	0	18	1
3444	0	50	7
3443	0	56	16
3442	0	35	7
3441	0	18	4
3440	0	50	7
3438	1	50	0
3437	0	25	17
3436	0	25	12
3435	0	25	14
3439	0	35	16
3434	0	45	12
3433	0	25	17
3432	0	25	0
3431	0	35	7
3430	0	50	7
3429	1	56	0
3428	1	25	1
3427	1	50	12
3426	0	45	7
3425	0	25	3
3424	1	45	3
3423	0	35	1
3422	0	25	7
3421	0	25	7
3420	0	35	7
3419	1	45	15
3418	1	18	4
3417	0	35	12
3416	0	18	4
3415	0	18	0
3414	1	35	6
3413	0	56	1
3412	1	35	0
3411	0	35	7
3410	0	56	1
3409	0	25	1
3408	1	25	2
3407	0	25	11
3406	1	18	5
3405	1	50	1
3404	0	56	0
3403	1	35	9
3402	0	56	1
3401	0	35	0
3400	0	18	12
3399	1	35	20
3398	0	25	14
3397	1	25	6
3396	0	35	12
3395	0	25	6
3394	0	25	0
3393	0	45	17
3392	0	18	15
3391	0	25	7
3390	0	45	17
3389	1	35	11
3387	0	25	17
3386	0	25	16
3385	0	45	7
3384	0	56	14
3383	0	35	20
3382	0	25	7
3388	1	35	9
3381	0	35	7
3380	0	56	13
3379	1	1	10
3378	0	25	7
3377	0	35	14
3376	0	56	17
3375	0	56	13
3374	0	25	17
3373	1	25	4
3372	0	35	7
3371	0	35	11
3370	0	45	16
3369	1	35	6
3368	1	25	4
3367	0	45	0
3366	0	35	6
3365	1	35	12
3364	0	35	7
3363	0	35	7
3362	0	25	4
3361	0	35	18
3360	0	56	20
3359	1	35	7
3358	0	25	6
3357	1	18	4
3356	0	25	12
3355	1	25	4
3354	0	18	4
3353	0	35	7
3352	1	18	0
3351	0	45	7
3350	0	25	0
3349	0	1	10
3348	0	25	17
3347	0	25	12
3346	0	25	7
3345	0	18	4
3344	1	18	4
3343	0	56	13
3342	0	18	4
3341	0	35	11
3340	0	25	7
3339	1	50	17
3338	1	25	2
3337	1	56	13
3336	0	25	7
3335	0	45	1
3334	0	45	6
3333	0	35	11
3332	0	56	13
3331	0	25	1
3330	1	25	1
3329	0	56	13
3328	0	25	7
3327	1	25	0
3326	0	35	17
3325	1	25	4
3324	1	18	19
3323	0	25	7
3320	0	18	4
3322	1	50	4
3319	1	50	4
3321	0	25	4
3318	1	25	4
3317	0	25	12
3316	0	35	0
3315	0	45	14
3314	0	35	7
3313	1	25	9
3312	1	45	2
3311	0	35	7
3310	0	45	11
3309	0	25	11
3308	0	35	12
3307	0	50	7
3306	0	35	11
3305	0	35	7
3304	0	45	17
3303	0	45	17
3302	1	18	4
3301	0	25	7
3300	0	45	12
3299	0	25	3
3298	1	50	2
3297	1	35	7
3296	0	45	17
3295	0	25	14
3294	0	25	17
3293	0	25	14
3292	0	18	17
3291	1	35	1
3290	0	50	14
3289	1	18	4
3288	0	25	4
3287	0	25	12
3286	1	25	15
3285	1	25	16
3284	0	25	15
3283	1	50	20
3282	0	50	12
3281	0	35	7
3280	0	18	4
3279	0	25	2
3278	0	56	8
3277	0	25	7
3276	0	56	0
3275	0	35	6
3274	0	50	16
3273	1	18	4
3272	0	25	7
3271	0	50	7
3270	0	45	7
3269	0	25	0
3268	0	25	17
3267	0	25	7
3266	0	35	1
3265	0	18	1
3264	0	35	17
3263	0	35	2
3262	0	25	1
3261	1	18	4
3260	0	25	14
3259	0	18	4
3258	0	56	13
3257	0	35	7
3256	0	25	17
3255	0	35	4
3254	1	18	4
3253	0	45	17
3252	0	50	20
3251	0	56	13
3250	0	25	4
3249	0	25	4
3248	0	56	1
3247	0	18	4
3246	0	25	20
3245	0	56	7
3244	0	18	4
3243	0	35	7
3242	0	25	2
3241	0	50	13
3240	0	25	14
3239	1	25	7
3238	0	35	20
3237	0	18	0
3236	1	18	4
3235	1	25	3
3234	0	35	20
3233	0	25	7
3232	1	35	0
3231	0	56	19
3230	0	1	10
3229	1	35	11
3228	0	56	16
3227	0	25	7
3226	1	1	10
3225	0	25	19
3224	0	25	17
3223	0	25	20
3222	0	35	7
3221	0	35	17
3220	0	25	7
3219	0	35	12
3218	0	25	12
3217	0	45	14
3216	1	35	0
3215	0	18	20
3214	0	50	7
3213	0	25	4
3212	0	18	4
3211	1	25	20
3210	0	35	12
3209	0	25	17
3208	0	18	4
3207	0	45	20
3206	0	35	7
3205	0	25	0
3204	0	25	17
3203	0	25	15
3202	0	35	1
3201	0	35	20
3200	0	25	12
3199	0	18	0
3198	0	18	1
3197	0	25	17
3196	0	25	0
3195	0	50	12
3194	0	35	17
3193	1	25	4
3192	0	25	20
3191	0	25	4
3190	1	18	4
3189	0	18	4
3188	0	25	0
3187	0	45	11
3186	0	18	20
3185	1	25	7
3184	0	25	12
3183	0	1	1
3182	1	18	4
3181	0	25	4
3180	0	35	11
3179	0	25	0
3178	1	1	10
3177	0	18	1
3176	0	35	17
3175	0	25	15
3174	0	45	7
3173	1	25	2
3172	1	35	3
3171	1	25	6
3170	0	25	7
3169	0	45	17
3168	0	35	12
3167	0	50	17
3166	0	50	18
3165	1	25	14
3164	0	25	20
3163	1	18	4
3162	1	35	20
3161	0	25	2
3160	0	25	17
3159	0	35	1
3158	1	50	20
3157	0	18	4
3156	0	18	12
3154	1	25	12
3153	0	18	20
3155	0	18	20
3152	1	50	3
3151	1	18	1
3150	0	18	4
3149	0	25	3
3148	0	25	14
3147	0	35	3
3146	0	35	7
3145	1	18	4
3144	0	25	4
3143	0	25	1
3142	0	18	4
3140	0	25	11
3141	0	18	14
3139	0	25	5
3138	0	18	4
3137	0	35	14
3136	0	18	12
3135	0	25	17
3134	0	25	12
3133	0	25	16
3132	0	25	4
3131	0	35	17
3130	0	35	19
3129	1	35	5
3128	0	18	2
3127	0	25	7
6037	0	1	19
3126	1	25	4
3125	1	18	4
3124	1	35	20
3123	0	25	4
3122	0	25	7
3121	0	45	2
3120	0	25	0
3119	0	25	12
3118	0	18	17
3117	0	25	2
3116	0	50	1
3115	0	25	17
3114	0	35	12
3113	1	18	4
3112	1	25	4
3111	1	18	2
3110	0	25	12
3109	0	25	2
3108	0	18	2
3107	0	50	17
3106	0	18	4
3105	0	25	12
3104	0	35	11
3103	1	35	20
3102	0	25	0
3101	1	18	4
3100	1	18	4
3099	1	25	0
3098	1	25	15
3097	0	25	0
3096	0	35	12
3095	1	50	1
3094	0	35	12
3093	1	18	4
3092	1	35	17
3091	0	35	16
6038	1	25	0
3090	0	18	14
3089	0	25	17
3088	0	18	0
3087	1	35	14
3086	0	25	4
3085	0	25	20
3084	0	18	2
3083	0	35	14
3082	0	25	12
3081	0	18	4
3080	0	25	7
3079	0	35	17
3078	0	18	4
3077	0	50	17
3076	0	35	3
3075	1	18	4
3074	0	25	17
3073	1	35	4
3072	1	25	4
3071	0	25	0
3070	1	18	0
3069	0	25	7
3068	0	18	4
3067	0	25	4
3066	0	25	4
3065	1	18	4
3064	0	18	4
3063	0	35	11
3062	0	18	20
3061	1	18	4
3060	0	35	20
3059	0	35	2
6033	0	45	7
3058	0	45	6
3057	0	25	4
3056	0	18	4
3055	0	25	4
3054	0	18	4
3053	0	25	4
3052	0	18	4
3051	1	18	6
3049	0	35	12
3048	0	35	12
3047	0	50	1
3046	0	18	4
3045	0	18	19
3044	0	35	5
3043	0	25	15
3042	0	18	0
3041	1	35	16
3040	1	25	1
3039	0	25	7
3038	0	25	4
3037	0	18	4
3036	0	45	11
3050	0	18	15
3035	1	18	4
3034	0	25	17
3033	0	18	4
3032	0	35	0
3031	0	18	4
3030	1	35	3
3029	0	25	12
3028	0	25	1
3027	0	25	12
3026	0	45	17
3025	0	35	7
3024	0	56	6
3023	0	18	12
3022	1	35	9
3021	0	35	0
3020	0	50	12
3019	1	35	7
3018	1	45	15
3017	0	25	17
3016	1	25	7
3015	0	35	17
3014	1	35	0
3013	1	18	4
3012	0	18	4
3011	0	1	10
3010	0	18	4
3009	0	35	1
3008	0	18	4
3007	0	25	0
3006	0	18	4
3005	1	18	1
3004	1	25	7
3003	0	56	13
3002	1	25	2
3001	1	35	2
3000	1	50	3
2998	0	25	8
2999	0	25	4
2997	0	56	1
2996	0	18	2
2995	0	35	16
2994	0	45	1
2993	0	1	4
2992	1	25	4
2991	0	18	2
2990	1	50	0
2988	0	35	12
2989	0	18	17
2987	0	35	12
2986	1	25	3
2985	0	18	4
2984	1	25	3
2983	0	25	18
2982	1	25	12
2981	0	18	12
2980	0	35	0
2979	1	35	1
2978	0	45	2
2977	0	18	4
2976	0	18	4
2975	0	35	17
2974	1	18	4
2973	0	18	4
2972	1	25	0
2971	1	35	9
2970	0	18	4
2969	1	18	4
2968	0	25	1
2967	0	50	1
2966	0	25	0
2965	0	25	0
2964	1	25	11
2963	0	35	17
2962	0	18	4
2961	1	35	1
2960	1	25	1
2959	0	25	20
2958	0	25	7
2957	1	35	6
2956	1	50	0
2955	0	25	16
2954	0	25	4
2953	0	18	12
2952	1	1	1
2951	1	25	4
2950	0	45	16
2949	0	25	2
2948	1	25	0
2947	0	35	15
2946	1	45	20
2945	0	35	0
2944	1	25	3
2943	1	45	3
2942	1	25	5
2941	0	25	4
2939	0	25	17
2938	1	25	6
2937	0	18	15
2936	0	25	12
2935	0	25	20
2934	0	18	17
2933	0	35	12
2932	0	25	0
2931	0	25	17
2930	0	50	6
2929	1	25	11
2928	0	25	0
2927	0	18	4
2926	0	18	12
2925	0	25	10
2924	0	18	5
2940	0	35	17
2923	0	25	12
2922	0	35	0
2921	0	25	0
2920	0	45	1
2919	0	18	4
2918	0	25	2
2917	1	25	7
2916	0	25	2
2915	0	25	12
2913	0	25	7
2912	0	25	2
2914	1	25	0
2911	0	18	2
2910	0	25	7
2909	0	25	7
2908	1	25	2
2907	0	35	7
2906	0	18	4
2905	0	18	4
2904	0	25	15
2903	1	25	4
2902	0	25	11
2901	0	35	17
2900	0	56	13
2899	1	25	4
2898	0	25	14
2897	0	25	20
2896	1	50	16
2895	1	25	7
2894	0	18	4
2893	0	25	0
2892	0	25	14
2891	0	18	20
2890	0	18	4
2889	1	25	3
2888	1	25	0
2887	0	18	4
2886	1	25	4
2885	1	25	4
2884	0	25	7
2883	0	35	7
2882	0	25	12
2881	0	25	15
2880	1	25	15
2879	0	25	17
2878	0	25	7
2877	0	25	1
2876	0	18	15
2875	0	18	12
2874	0	35	7
2873	0	18	4
2872	0	25	2
2871	1	35	5
2870	0	50	0
2869	0	25	0
2868	1	50	3
2867	0	18	12
2866	0	25	12
2865	1	18	14
2864	0	35	16
2863	0	25	17
2862	1	25	6
2861	1	35	5
2859	1	18	20
2860	0	25	14
2858	0	25	12
2857	0	25	12
2856	0	50	7
2855	1	25	18
2854	0	18	7
2853	0	50	1
2852	0	35	12
2851	0	56	13
2850	0	25	16
2849	0	1	17
2848	0	25	12
2847	0	18	4
2846	0	25	0
2845	0	25	15
2844	0	18	4
2843	1	18	4
2842	1	18	14
2841	0	25	12
2840	0	18	0
2839	1	25	1
2838	0	45	7
2837	1	18	4
2836	0	35	0
2835	0	45	16
2834	1	35	16
2833	0	18	20
2832	0	35	7
2831	0	25	14
2830	0	25	0
2829	1	45	0
2828	0	50	16
2827	1	25	17
2826	1	25	1
2825	1	56	7
2823	1	50	13
2822	0	35	1
2821	1	35	0
2820	0	56	6
2824	1	18	4
2819	0	35	7
2818	0	25	0
2817	0	35	7
2816	0	25	20
2815	1	25	14
2814	0	18	0
2813	0	35	4
2812	1	25	14
2811	0	25	14
2810	1	56	1
2809	0	35	16
2808	0	25	7
2807	0	35	12
2806	0	50	2
2805	1	1	0
2804	0	18	4
2803	0	18	15
2802	0	35	7
2801	0	35	7
2800	1	25	12
2799	0	18	4
2798	1	50	0
2797	0	50	13
2796	0	25	12
2795	1	18	4
2794	0	18	2
2793	1	35	1
2792	0	35	15
2791	1	25	7
2789	1	25	4
2790	0	25	4
2788	0	35	17
2787	0	50	0
2786	1	35	4
2785	1	35	6
2784	1	25	15
2783	0	25	15
2782	0	25	14
2781	0	45	6
2780	1	18	4
2779	0	25	4
2778	0	45	20
2777	0	25	14
2776	0	50	11
2775	1	25	1
2774	0	25	15
2773	1	25	4
2772	0	25	4
2771	0	25	12
2770	1	18	20
2769	0	18	11
2768	1	35	0
2767	0	35	0
2766	0	35	7
2765	0	25	20
2764	0	35	7
2763	0	25	20
2762	0	25	17
2761	0	35	7
2760	0	45	15
2759	0	25	7
2758	0	25	17
2757	0	45	3
2756	0	35	16
2755	0	25	6
2754	0	25	4
2753	1	35	7
2752	0	56	13
2751	0	25	14
2750	0	45	6
2749	0	25	14
2748	1	25	7
2747	1	50	6
2746	0	45	14
2745	0	18	4
2744	0	18	18
2743	0	18	14
2742	0	18	4
2741	0	1	10
2740	1	25	4
2739	0	35	5
2738	1	25	2
2737	0	25	17
2736	0	56	17
2735	1	45	5
2734	0	56	20
2733	0	45	14
2732	0	50	6
2731	1	18	20
2730	0	25	17
2729	0	45	14
2728	0	25	4
2727	1	18	4
2726	0	35	20
2725	0	25	7
2724	0	25	12
2723	0	1	19
2722	0	25	4
2721	0	56	13
2720	1	56	13
2719	0	25	1
2718	0	35	1
2717	1	18	4
2716	0	35	14
2715	0	35	17
2714	1	35	14
2713	0	45	7
2712	0	18	12
2711	0	56	19
2710	0	50	18
2709	1	35	1
2708	1	25	7
2707	0	25	7
2706	0	18	16
2705	0	35	0
2704	0	25	0
2703	0	35	17
2702	0	25	4
2701	0	45	16
2700	0	25	17
2699	0	45	16
2698	0	25	20
2697	1	25	5
2696	1	18	4
2695	0	35	0
2694	0	25	7
2693	0	35	7
2692	1	35	7
2691	0	45	16
2690	1	18	4
2689	1	18	0
2688	1	18	5
2687	0	35	0
2686	0	35	17
2685	0	25	7
2684	0	25	1
2683	0	35	7
2682	0	25	18
2681	1	25	1
2679	0	25	20
2680	1	25	0
2678	0	25	4
2677	1	25	0
2676	1	35	9
2675	0	56	13
2674	0	50	17
2673	0	35	14
2671	0	50	16
2672	0	25	14
2670	0	45	18
2669	0	18	4
2668	0	25	2
2667	0	56	13
2666	0	18	16
2665	0	35	5
2664	0	25	4
2663	0	35	16
2662	0	25	17
2661	0	18	4
2660	0	35	1
2659	0	50	0
2658	0	25	0
2657	1	1	10
2656	0	56	16
2655	0	35	7
2654	1	25	9
2653	0	18	4
2652	0	18	1
2651	1	25	1
2650	0	18	0
2649	1	45	20
2648	0	18	4
2647	0	50	6
2646	0	35	12
2645	0	35	7
2644	0	25	7
2643	0	25	12
2642	0	25	5
2641	0	18	20
2640	0	25	4
2639	0	25	14
2638	0	35	7
2637	0	35	20
2636	0	35	5
2635	0	25	8
2634	0	35	14
2633	1	25	7
2632	1	45	5
2631	0	25	17
2630	0	25	4
2629	0	35	1
2628	0	18	4
2626	0	25	18
2625	1	25	17
2624	0	25	17
2623	0	35	7
2622	0	25	12
2621	1	18	2
2620	1	18	3
2619	0	45	1
2618	1	25	7
2627	0	45	7
2617	0	25	5
2616	0	25	7
2615	0	25	6
2614	0	18	20
2613	0	25	20
2612	0	25	14
2611	0	45	1
2610	1	25	7
2609	1	45	1
2607	1	45	6
2608	0	25	12
2606	0	18	12
2605	0	18	4
2604	0	45	1
2603	0	35	0
2602	1	25	0
2601	1	25	0
2600	0	18	17
2599	0	56	17
2598	1	25	14
2597	0	18	12
2596	1	35	17
2595	0	50	14
2594	1	35	20
2593	0	25	7
2592	0	25	12
2591	1	18	3
2590	0	25	14
2589	0	25	5
2588	1	25	11
2587	0	25	14
2586	0	35	7
2585	0	18	0
2584	1	25	0
2583	0	25	17
2582	0	25	20
2581	0	45	0
2580	0	18	4
2579	0	1	4
2578	0	35	0
2577	1	25	4
2576	0	25	15
2575	1	25	14
2574	0	25	14
2573	0	25	14
2572	0	25	14
2571	0	25	20
2570	0	45	17
2569	0	35	17
2568	0	18	4
2566	0	25	6
2565	1	35	16
2564	0	35	11
2563	0	25	14
2562	0	50	0
2561	1	50	1
2560	0	25	7
2559	0	18	4
2558	0	25	0
2557	0	18	4
2556	0	50	17
2555	1	45	7
2554	0	18	4
2553	0	25	0
2552	1	18	0
2551	0	18	4
2550	0	45	17
2549	0	18	4
2548	0	25	0
2547	0	25	16
2546	0	35	7
2545	0	25	17
2544	0	25	1
2543	0	18	4
2542	0	35	5
2540	1	35	2
2539	0	25	17
2538	0	25	3
2537	0	35	7
2536	1	35	7
2535	1	18	7
2534	0	18	4
2533	0	18	7
2532	1	25	15
2531	0	18	12
2530	0	25	0
2529	0	18	4
2528	0	18	4
2527	1	18	4
2526	0	50	0
2525	0	18	17
2524	0	25	16
2523	0	18	12
2522	0	35	3
2521	0	18	4
2520	0	18	12
2519	1	18	7
2518	1	25	14
2517	0	25	0
2516	0	25	0
2515	0	18	0
2513	0	35	7
2512	1	25	0
2511	1	18	4
2510	0	35	2
2509	0	25	0
2508	0	35	5
2507	1	45	1
2506	0	25	0
2514	1	25	11
2505	1	35	14
2504	0	25	2
2503	0	35	17
2502	0	45	18
2501	0	18	4
2500	0	1	10
2499	0	35	0
2498	1	25	4
2497	0	18	17
2496	0	25	3
2495	0	25	15
2494	0	25	17
2493	1	25	4
2492	0	35	12
2491	0	25	20
2490	0	35	16
2489	0	45	7
2488	1	35	7
2487	0	25	5
2486	1	56	0
2485	1	35	2
2484	0	35	16
2483	0	25	15
2482	0	56	7
2481	0	25	17
2480	0	18	5
2479	0	18	17
2478	0	18	4
2477	1	25	6
2476	0	35	14
2475	1	25	6
2474	0	25	2
2473	0	25	11
2472	0	25	18
2471	0	45	0
2470	0	25	14
2469	0	25	0
2468	1	18	2
2467	0	35	12
2466	0	18	4
2465	0	35	11
2464	0	1	10
2463	1	35	6
2462	0	25	18
2461	0	50	7
2460	1	56	0
2459	0	50	3
2458	0	18	0
2457	1	18	3
2456	0	18	1
2455	1	35	0
2454	1	25	9
2453	0	18	0
2452	0	35	20
2451	0	35	20
2450	0	35	3
2449	0	25	2
2448	1	45	0
2447	1	18	15
2446	0	35	6
2445	1	56	2
2444	1	25	9
2443	0	1	0
2442	0	25	0
2441	1	35	4
2440	0	25	17
2439	0	25	16
2438	0	35	20
2437	1	35	3
2541	0	25	12
2436	1	35	7
2435	1	1	10
2434	0	18	12
2432	1	25	15
2433	0	35	17
2431	1	35	9
2430	1	25	17
2429	0	18	6
2428	0	25	2
2427	0	25	14
2425	0	25	0
2426	0	25	0
2424	0	25	17
2423	0	45	0
2422	0	35	7
2421	0	56	17
2420	0	50	16
2419	0	25	7
2418	0	18	4
2417	0	18	1
2416	0	35	11
2415	0	25	12
2414	0	18	10
2413	0	25	17
2412	1	35	1
2411	0	25	7
2410	1	50	7
2409	0	18	4
2408	0	18	4
2407	0	50	11
2406	0	35	18
2405	0	50	1
2404	0	50	1
2403	0	25	0
2402	0	25	6
2401	0	25	2
2400	0	18	4
2399	0	35	7
2398	0	25	0
2397	1	25	7
2396	0	25	17
2395	1	25	11
2394	0	35	17
2393	0	35	20
2392	0	25	7
2391	0	18	4
2390	1	25	0
2389	0	25	0
2388	0	25	14
2387	0	25	12
2386	0	18	15
2385	0	25	17
2384	1	25	7
2383	1	45	5
2382	0	18	17
2381	1	25	7
2380	0	18	4
2379	0	35	7
2378	0	35	12
2377	0	35	16
2376	1	35	9
2375	1	35	1
2374	0	25	0
2373	0	45	0
2372	1	1	10
2371	1	45	7
2370	0	25	14
2369	0	45	14
2368	0	25	4
2367	0	35	5
2366	0	25	2
2365	0	25	20
2364	0	35	7
2363	1	35	12
2362	1	25	12
2361	0	25	0
2360	0	25	4
2359	1	25	1
2358	0	25	7
2357	1	50	1
2356	0	25	2
2355	0	25	17
2354	0	25	5
2353	0	25	7
2352	1	50	1
2351	0	18	6
2350	0	25	0
2349	0	18	0
2348	0	25	7
2347	0	35	17
2346	0	25	15
2345	0	25	12
2344	0	25	2
2343	0	35	7
2342	0	25	15
2341	0	25	7
2340	1	56	3
2339	0	25	14
2338	0	35	1
2337	0	35	15
2336	0	18	12
2335	1	35	0
2334	0	45	7
2333	0	25	12
2332	1	18	0
2331	0	56	7
2330	0	25	12
2329	0	1	10
2328	0	35	0
2327	0	25	17
2326	1	25	7
2325	0	25	17
2324	0	18	5
2323	0	18	12
2322	0	35	17
2321	0	50	17
2320	0	25	1
2319	0	45	7
2318	0	25	15
2317	0	25	18
2567	0	25	14
2316	0	35	6
2314	0	18	4
2315	0	25	17
2313	0	35	7
2312	0	18	4
2311	0	18	4
2310	0	25	1
2309	0	25	17
2308	0	25	17
2307	0	18	4
2306	0	18	4
2305	0	25	0
2304	0	35	1
2303	0	25	14
2302	0	45	7
2301	0	56	11
2300	0	18	5
2299	0	25	0
2298	0	25	0
2297	1	35	7
2296	0	25	0
2295	1	25	9
2293	0	25	5
2292	0	45	13
2291	0	18	4
2290	1	25	0
2289	1	18	4
2288	1	35	12
2287	1	18	1
2286	0	25	7
2285	0	56	7
2284	1	50	14
2283	0	18	12
2282	0	25	7
2281	1	35	5
2280	0	35	6
2279	0	50	0
2278	0	25	17
2277	0	50	6
2276	0	25	2
2275	0	25	1
2274	1	50	3
2273	1	18	1
2272	0	25	0
2271	0	25	4
2270	0	25	15
2269	1	35	3
2268	0	25	1
2267	0	35	17
2266	0	35	6
2265	0	25	0
2264	0	35	12
2263	1	25	4
2262	0	18	4
2261	0	25	0
2260	1	45	2
2259	0	1	0
2258	1	56	11
2256	1	25	0
2257	0	25	7
2255	1	25	1
2254	1	25	20
2253	1	25	0
2252	1	25	0
2250	1	18	0
2251	1	25	0
2249	1	25	17
2248	0	50	18
2247	0	25	6
2246	0	18	4
2245	1	18	4
2244	1	18	4
2243	0	45	14
2242	0	25	7
2241	0	25	7
2240	0	18	0
2239	0	18	1
2238	0	18	12
2237	0	18	0
2236	1	35	9
2235	0	25	6
2234	1	35	1
2233	0	18	4
2232	1	35	19
2231	0	25	7
2230	0	35	6
2229	0	50	7
2228	0	25	15
2227	0	35	17
2226	0	35	7
2225	0	25	15
2224	0	25	17
2223	1	25	3
2222	0	35	3
2221	0	45	17
2220	0	25	12
2219	0	25	17
2218	0	25	20
2217	0	45	20
2216	0	56	7
2215	0	25	17
2214	0	18	1
2213	0	25	1
2212	0	50	2
2211	0	25	20
2210	1	25	1
2209	0	18	4
2208	1	18	6
2207	1	25	7
2206	0	25	1
2205	0	18	2
2204	0	25	7
2203	1	50	8
2202	0	25	17
2201	1	25	14
2199	0	50	14
2200	1	25	0
2198	0	45	18
2197	1	35	16
2196	1	1	10
2195	0	18	4
2194	0	25	12
2193	0	35	0
2192	0	25	7
2191	0	25	15
2190	0	35	0
2188	0	18	3
2189	0	25	12
2187	0	50	16
2186	0	25	14
2185	0	25	14
2184	0	25	17
2183	1	35	20
2181	0	18	14
2182	1	45	9
2180	0	25	0
2179	0	45	17
2178	0	18	4
2177	0	25	17
2176	0	25	0
2175	0	50	20
2174	1	1	10
2173	0	45	14
2172	0	35	3
2171	0	18	12
2170	0	18	17
2169	0	25	17
2168	0	18	4
2167	0	25	1
2166	1	45	2
2165	0	25	7
2164	0	25	0
2163	0	25	0
2162	0	45	1
2161	0	35	16
2160	0	25	3
2159	0	25	7
2158	0	18	2
2157	0	56	14
2156	0	50	16
2155	0	18	4
2154	0	25	12
2153	0	35	7
2152	0	18	4
2294	0	45	17
2151	0	45	6
2150	0	18	4
2149	1	56	16
2148	0	25	20
2147	0	25	6
2146	0	35	16
2145	1	35	0
2144	0	35	0
2143	0	56	17
2142	0	45	11
2141	0	25	17
2140	1	25	14
2139	0	18	14
2138	0	25	5
2137	0	25	0
2136	0	1	10
2135	0	25	17
2134	0	50	17
2133	1	18	14
2132	0	25	0
2131	0	18	17
2130	0	25	20
2129	0	18	0
2128	0	25	4
2127	0	18	17
2125	0	35	4
2126	1	35	3
2124	0	25	4
2123	1	35	9
2122	0	25	18
2121	0	45	0
2120	0	35	17
2119	0	25	14
2117	0	18	4
2118	0	35	2
2116	0	50	12
2115	0	25	12
2114	0	25	2
2113	1	25	16
2112	0	25	0
2111	0	25	5
2110	0	56	3
2109	0	25	5
2108	0	25	7
2107	1	35	6
2106	0	25	0
2105	0	35	18
2104	1	35	12
2103	0	56	2
2102	0	25	2
2101	0	45	7
2100	0	35	20
2099	0	45	17
2098	0	18	4
2097	1	35	7
2096	1	35	16
2095	1	45	1
2094	1	25	12
2093	0	25	0
2092	1	45	12
2091	0	45	0
2090	0	25	4
2089	1	18	4
2088	1	45	1
2087	0	25	12
2086	0	18	4
2085	0	35	0
2084	0	25	0
2083	0	35	11
2082	0	45	7
2081	1	45	1
2080	1	35	14
2079	0	25	1
2078	1	56	0
2077	0	50	20
2076	0	56	16
2075	0	18	11
2074	0	25	0
2073	1	18	2
2072	0	25	2
2071	0	56	7
2070	1	25	2
2069	1	18	4
2068	1	25	6
2067	0	25	7
2066	0	35	0
2065	1	25	5
2064	1	25	0
2063	0	35	14
2062	0	35	13
2061	1	50	9
2060	0	25	4
2059	1	45	0
2058	0	56	13
2057	0	25	0
2056	0	25	7
2055	0	45	16
2054	0	25	7
2053	1	18	4
2052	1	25	14
2051	0	50	12
2050	0	25	16
2049	0	25	7
2048	0	25	4
2047	0	25	0
2046	0	50	7
2045	0	35	17
2044	0	18	14
2043	0	35	17
2042	0	45	0
2041	0	35	17
2040	0	35	7
2039	1	25	1
2038	0	45	16
2037	0	56	13
2036	0	50	0
2035	0	35	7
2034	0	1	7
2033	0	35	12
2032	0	18	1
2031	0	18	7
2030	0	25	14
2029	0	25	17
2028	0	18	4
2027	0	25	1
2026	0	25	0
2025	1	45	3
2024	0	50	0
2023	0	25	14
2022	1	45	20
2021	0	35	17
2020	0	25	6
2019	0	50	20
2018	0	35	14
2017	1	35	9
2016	0	25	5
2015	1	56	6
2014	0	25	7
2013	1	25	7
2012	0	25	4
2011	1	56	3
2010	0	35	7
2009	0	25	0
2008	0	25	12
2007	0	25	6
2006	0	25	0
2005	0	18	4
2004	0	25	1
2003	0	50	16
2002	0	50	6
2001	0	25	16
2000	0	25	20
1999	0	18	3
1998	0	35	15
1997	1	25	15
1996	1	35	3
1995	0	56	13
1994	0	45	17
1993	0	18	4
1992	1	35	1
1991	0	45	11
1990	0	35	6
1989	0	18	14
1988	0	25	2
1986	0	25	18
1987	0	35	3
1985	0	50	0
1984	0	1	10
1983	0	35	6
1982	0	25	6
1981	0	25	14
1980	0	25	18
1979	0	50	6
1978	0	25	7
1977	1	35	1
1976	0	45	0
1975	1	45	5
1974	0	25	0
1973	0	45	20
1972	0	56	3
1971	0	35	15
1970	0	25	15
1969	0	25	17
1968	0	50	6
1967	0	25	6
1966	0	35	6
1965	0	25	16
1964	0	25	17
1962	1	35	2
1963	0	25	15
1961	0	35	17
1960	0	35	1
1959	0	18	12
1958	0	25	20
1957	0	56	14
1956	0	56	13
1955	1	25	6
1954	1	1	10
1953	0	1	4
1952	0	25	3
1951	0	25	7
1950	0	56	6
1949	0	25	17
1948	1	25	0
1947	0	25	4
1946	0	25	17
1945	0	25	0
1944	0	25	15
1943	0	25	7
1942	0	35	7
1941	0	35	17
1940	0	56	6
1939	0	18	4
1938	0	1	10
1937	0	18	16
1936	0	18	16
1935	0	50	7
1934	0	25	16
1933	1	25	0
1932	0	35	17
1931	0	35	3
1930	1	45	7
1929	0	25	15
1928	0	45	18
1927	0	35	17
1926	0	35	14
1925	0	25	15
1924	0	35	7
1923	0	18	4
1922	0	25	3
1921	0	50	1
1920	0	25	16
1919	0	45	7
1917	0	18	19
1918	1	25	4
1916	0	25	18
1915	0	35	2
1914	0	25	17
1913	0	50	17
1912	0	35	6
1911	0	56	11
1910	0	35	6
1909	0	45	7
1908	0	25	17
1907	0	45	4
1906	1	45	12
1905	0	1	10
1904	0	50	16
1903	0	25	7
1901	0	25	7
1902	0	56	14
1900	0	25	0
1899	0	35	17
1898	0	56	7
1897	1	25	5
1896	0	18	4
1895	1	50	1
1894	0	35	17
1893	1	50	7
1892	1	35	7
1891	0	35	1
1890	0	25	0
1889	0	45	20
1888	0	25	14
1887	0	50	17
1886	0	25	1
1883	0	50	17
1884	0	56	20
1882	0	50	18
1881	1	1	10
1880	1	50	9
1878	0	35	20
1877	0	45	0
1876	1	25	14
1875	0	56	7
1874	0	35	1
1871	1	25	14
1872	1	25	7
1870	0	25	20
1873	1	45	6
1869	0	50	0
1868	0	45	7
1867	0	56	16
1866	0	35	7
1865	1	18	11
1864	1	35	3
1863	0	35	0
1862	0	45	7
1861	0	35	17
1859	1	50	16
1860	1	35	20
1858	0	56	13
1857	1	25	7
1856	0	25	18
1855	0	25	1
1854	0	50	7
1879	0	25	14
1853	0	25	7
1852	1	56	20
1851	0	50	7
1850	0	35	14
1849	0	45	17
1848	1	45	15
1847	0	35	17
1846	0	56	13
1845	0	18	4
1844	1	56	13
1843	0	35	14
1842	1	45	1
1841	0	18	4
1840	1	25	9
1839	0	45	7
1838	1	25	0
1836	0	25	7
1837	0	25	18
1835	0	35	7
1833	1	25	15
1832	1	35	1
1834	0	35	1
1831	1	35	0
1830	0	56	0
1829	0	25	17
1828	0	45	5
1827	0	56	18
1826	0	35	7
1825	1	25	0
1824	0	25	7
1823	0	25	17
1822	0	18	4
1821	0	50	17
1820	0	35	17
1819	0	35	0
1818	0	35	4
1816	1	45	17
1817	1	35	17
1815	1	45	1
1813	1	25	3
1812	1	35	6
1811	0	25	19
1814	0	50	18
1810	0	35	17
1809	0	56	13
1808	1	50	18
1807	1	35	20
1806	0	35	4
1805	1	45	3
1804	0	50	2
1803	1	25	3
1802	0	25	14
1800	0	35	16
1799	0	50	7
1798	0	35	17
1797	0	35	7
1796	0	50	7
1801	0	56	7
1795	0	35	17
1794	0	50	12
1793	1	35	7
1792	0	25	4
1791	0	25	4
1790	1	18	17
1789	1	50	0
1788	0	45	7
1786	1	35	3
1787	0	45	11
1785	0	25	17
1784	0	50	12
1782	1	1	2
1783	0	50	16
1781	0	25	17
1780	0	35	17
1779	0	25	16
1778	1	35	6
1777	1	35	6
1776	0	25	7
1775	0	45	1
1774	0	25	12
1773	0	56	13
1772	0	35	7
1771	1	45	20
1769	0	35	18
1770	0	45	7
1768	0	35	7
1766	0	45	17
1767	0	45	13
1765	1	45	1
1764	1	45	16
1763	1	45	0
1762	0	35	16
1761	1	45	7
1760	0	25	16
1759	0	35	17
1758	0	56	13
1757	0	35	0
1756	1	25	9
1755	0	50	7
1754	0	35	0
1753	0	35	17
1752	0	25	7
1751	1	25	9
1750	0	35	14
1749	0	25	17
1748	0	35	14
1747	0	25	0
1745	1	45	9
1746	0	1	10
1744	0	18	18
1743	0	56	6
1742	0	45	15
1741	1	18	14
1740	1	25	2
1739	1	18	4
1738	0	35	11
1737	0	50	1
1735	0	25	2
1734	0	18	0
1733	1	45	17
1732	0	45	7
1731	0	25	0
1730	0	25	0
1729	0	25	0
1728	0	25	4
1726	0	50	13
1727	0	25	18
1725	1	25	7
1724	0	25	17
1723	0	18	4
1722	0	25	6
1721	1	35	14
1885	0	25	5
1720	0	35	7
1719	0	25	5
1718	0	45	7
1717	1	50	6
1716	0	18	4
1715	0	25	5
1714	0	25	0
1713	1	45	13
1712	0	35	17
1711	0	50	3
1710	1	25	14
1709	1	45	6
1708	0	35	6
1707	1	25	3
1706	0	50	2
1705	0	25	1
1704	0	35	0
1703	1	25	0
1702	0	18	20
1701	1	18	5
1700	0	25	2
1699	1	25	17
1698	0	35	17
1697	0	25	0
1696	0	25	12
1695	0	25	1
1694	1	25	14
1693	0	18	17
1692	1	18	20
1691	0	45	0
1690	0	18	2
1689	0	18	2
1688	0	25	12
1687	0	18	4
1686	0	25	7
1685	0	35	14
1684	0	50	14
1683	0	35	16
1682	1	35	9
1681	0	35	17
1680	0	18	4
1679	1	25	9
1678	0	35	15
1677	0	25	17
1676	0	35	14
1675	0	25	18
1674	1	50	16
1673	0	18	15
1672	0	35	0
1671	0	18	17
1670	0	50	7
1669	0	25	16
1668	1	18	4
1667	0	35	17
1666	0	50	12
1665	0	18	4
1664	1	25	5
1663	1	25	5
1662	0	25	0
1661	0	18	17
1660	0	25	4
1659	1	25	1
1658	0	25	4
1657	0	25	18
1656	1	18	4
1655	0	25	0
1654	0	25	4
1652	0	25	5
1653	1	18	4
1651	0	45	3
1650	0	25	4
1649	0	25	0
1648	1	18	4
1646	0	18	4
1647	0	18	4
1645	0	25	4
1644	0	50	6
1640	0	18	1
1641	0	18	4
1639	1	18	4
1642	1	18	4
1643	1	18	4
1638	0	18	4
1637	1	18	14
1636	0	25	15
1635	0	25	1
1634	0	25	14
1633	0	25	16
1632	0	18	4
1631	1	45	2
1630	0	25	14
1629	0	18	19
1628	0	18	4
1627	0	18	4
1626	0	1	13
1625	0	25	4
1624	0	18	0
1623	0	18	4
1622	0	25	15
1621	1	50	0
1620	1	45	12
1619	0	25	15
1618	0	45	0
1617	0	25	5
1616	0	18	4
1615	0	25	7
1614	0	35	7
1613	0	45	17
1612	0	18	0
1611	0	25	14
1610	0	25	5
1609	1	25	0
1608	0	1	14
1607	0	25	12
1606	0	25	0
1605	1	35	7
1604	0	25	7
1603	0	25	12
1602	1	35	5
1601	0	50	0
1600	0	35	6
1599	0	35	1
1598	0	18	4
1597	0	50	15
1596	0	56	2
1595	1	25	12
1594	0	25	3
1593	0	18	18
1592	0	45	5
1591	0	25	14
1589	0	25	12
1590	0	25	15
1587	0	25	14
1588	1	25	7
1586	0	35	0
1585	0	25	20
1584	0	35	7
1583	1	35	2
1582	0	35	14
1581	1	25	4
1580	0	25	1
1579	0	25	14
1578	0	25	20
1577	1	25	0
1576	0	50	7
1575	1	50	1
1574	0	18	4
1573	0	35	11
1572	1	50	6
1571	1	35	7
1570	1	45	12
1569	0	35	12
1567	0	25	6
1568	1	45	16
1566	0	35	1
1565	0	35	7
1564	0	18	4
1563	0	45	1
1562	0	25	7
1561	0	1	12
1560	0	50	13
1559	0	25	0
1558	0	25	18
1557	1	35	1
1556	1	25	6
1555	1	25	17
1554	0	25	4
1553	0	35	8
1552	0	25	7
1550	0	35	7
1549	0	18	4
1548	0	35	5
1547	0	18	4
1546	0	56	13
1545	1	1	10
1544	0	45	0
1543	0	18	4
1542	0	45	2
1541	0	50	0
1540	0	50	7
1539	0	25	6
1538	0	50	7
1536	0	25	17
1535	0	50	0
1534	0	56	1
1551	1	25	0
1533	0	50	7
1532	0	50	16
1531	0	18	4
1530	0	25	20
1529	0	25	7
1528	0	45	7
1527	0	35	7
1526	0	25	1
1525	0	56	0
1736	0	18	3
1537	0	56	13
1524	0	18	4
1523	1	18	1
1522	0	25	0
1521	0	50	7
1520	0	25	4
1519	0	35	12
1518	0	45	1
1517	0	18	2
1516	0	25	2
1515	0	25	14
1514	0	25	20
1513	0	18	0
1512	0	25	14
1511	0	35	6
1510	1	35	1
1509	0	18	4
1508	0	25	7
1507	0	25	12
1506	0	18	4
1505	0	18	19
1504	0	18	12
1503	1	45	1
1502	0	25	12
1501	0	35	19
1500	1	25	14
1499	0	1	10
1498	0	35	0
1497	0	25	2
1496	0	56	1
1495	0	25	16
1494	0	25	7
1493	0	18	12
1492	0	18	2
1491	1	1	10
1490	0	18	16
1489	0	18	12
1488	0	25	0
1487	1	35	16
1486	1	25	9
1485	1	18	9
1484	0	45	16
1483	0	25	14
1482	0	35	14
1481	0	25	7
1480	0	25	0
1479	1	25	9
1478	0	35	10
1477	1	25	6
1476	0	35	12
1475	0	35	14
1474	0	35	17
1473	0	18	4
1472	1	25	4
1471	0	25	0
1470	0	45	17
1469	0	35	7
1467	1	1	10
1466	0	50	16
1465	0	25	4
1464	1	1	10
1468	1	25	7
1463	0	35	7
1462	0	25	0
1461	1	18	4
1460	1	56	13
1459	0	25	1
1458	1	25	0
1457	0	50	1
1456	1	45	0
1455	0	35	7
1454	0	25	4
1453	0	35	14
1452	1	25	4
1451	0	25	17
1450	1	18	20
1449	0	25	15
1448	0	18	4
1447	1	45	1
1446	0	35	16
1445	0	25	18
1444	1	18	4
1443	1	25	4
1441	1	35	3
1440	1	35	0
1439	0	25	0
1438	0	35	14
1437	0	35	7
1436	1	35	2
1435	0	25	15
1434	0	25	15
1433	1	1	10
1432	0	25	0
1431	1	25	0
1430	1	25	4
1429	1	25	4
1428	1	18	4
1427	1	18	4
1426	0	25	12
1425	1	45	1
1424	0	25	17
1423	0	25	20
1422	1	25	6
1421	0	25	14
1420	1	25	1
1419	1	18	17
1418	0	25	4
1417	0	25	12
1442	0	25	16
1416	0	25	12
1415	0	25	7
1414	0	25	14
1413	0	56	1
1412	1	56	6
1411	1	18	4
1410	1	25	4
1409	0	18	4
1408	0	25	0
1407	0	1	0
1406	0	50	20
1405	0	18	4
1404	0	18	2
1403	1	35	9
1402	0	25	4
1401	0	35	11
1400	0	25	4
1399	0	25	7
1398	0	25	0
1397	0	25	0
1396	0	50	1
1395	1	50	6
1394	1	25	6
1393	0	35	20
1392	0	18	4
1391	0	56	13
1390	0	25	7
1389	1	45	0
1388	1	25	7
1387	0	35	12
1386	0	35	20
1385	1	25	1
1384	0	25	17
1383	0	45	14
1382	0	25	4
1381	1	25	14
1380	1	18	4
1379	0	45	15
1378	1	18	4
1377	0	25	4
1376	1	45	7
1375	0	35	2
1374	0	35	1
1373	0	25	14
1371	0	35	14
1370	0	35	7
1369	0	35	5
1368	0	25	12
1367	0	56	13
1366	0	35	16
1365	1	35	7
1364	1	18	4
1363	0	45	14
1362	0	50	6
1361	0	35	2
1360	0	56	13
1359	0	35	0
1358	1	35	15
1357	0	25	7
1356	0	25	0
1355	1	25	0
1354	0	35	1
1353	0	18	1
1352	0	35	14
1351	0	25	9
1350	0	18	12
1349	1	1	10
1348	1	45	17
1347	1	25	7
1346	0	18	1
1345	0	56	7
1344	0	18	18
1343	0	18	12
1342	0	18	10
1341	1	25	6
1340	1	18	0
1339	1	18	4
1338	0	45	17
1337	0	25	11
1336	0	25	7
1335	0	18	20
1334	1	18	0
1333	0	25	14
1332	0	1	0
1331	0	25	0
1330	0	45	0
1329	1	35	16
1327	0	25	17
1326	0	35	17
1325	0	25	17
1324	0	50	1
1323	0	25	2
1322	1	25	16
1328	0	45	17
1321	0	35	7
1320	1	35	9
1319	0	25	2
1318	0	35	11
1317	0	35	12
1316	0	35	7
1315	1	56	6
1314	0	35	5
1313	1	35	16
1312	1	56	0
1311	0	25	19
1310	0	50	16
1309	0	50	11
1308	0	25	17
1307	0	25	14
1306	0	18	18
1305	0	50	1
1304	0	45	3
1303	0	18	20
1302	0	35	16
1301	0	56	1
1300	0	25	3
1299	1	25	3
1298	0	35	7
1297	0	25	3
1296	0	56	13
1295	0	50	15
1294	1	18	4
1293	0	50	1
1292	0	18	4
1291	0	45	16
1290	0	45	0
1289	1	25	0
1288	0	50	15
1287	1	18	4
1286	0	56	1
1285	1	18	0
1284	1	56	7
1283	0	56	16
1282	0	35	17
1281	1	56	13
1280	1	50	0
1279	0	35	17
1278	0	18	15
1277	1	25	14
1276	0	56	11
1275	0	1	10
1274	1	35	16
1273	0	35	16
1272	1	35	9
1271	0	25	4
1270	0	25	1
1269	1	35	7
1268	1	25	4
1267	0	56	17
1266	0	45	1
1265	0	45	14
1264	0	25	17
1263	1	25	3
1262	0	25	2
1261	0	25	0
1260	0	45	3
1259	0	25	12
1258	1	50	6
1257	0	45	1
1256	0	25	0
1255	1	35	6
1254	1	25	14
1253	0	45	6
1252	0	1	11
1250	0	35	7
1251	0	35	2
1249	1	25	2
1248	0	18	4
1247	1	50	7
1246	1	25	6
1245	1	35	0
1244	0	45	16
1243	0	35	7
1242	1	35	17
1241	0	25	1
1240	1	18	4
1239	0	18	4
1238	0	25	4
1237	0	56	1
1236	1	25	16
1235	1	35	1
1234	0	35	1
1233	0	25	17
1232	0	1	2
1231	0	35	0
1230	1	50	4
1229	0	18	12
1228	0	35	1
1227	0	18	14
1226	1	35	9
1225	0	18	14
1224	1	50	18
1223	1	45	6
1222	0	25	1
1221	1	25	17
1220	0	35	18
1219	0	50	11
1218	0	18	19
1217	1	35	0
1216	0	18	4
1215	0	25	7
1214	0	25	17
1213	0	45	12
1212	0	35	0
1211	1	18	20
1210	0	25	0
1209	0	1	10
1208	1	25	1
1207	0	25	14
1206	0	35	16
1205	1	45	9
1204	0	25	20
1203	1	45	16
1202	0	25	5
1201	0	45	1
1200	1	50	6
1199	1	45	6
1198	0	25	12
1197	1	35	1
1196	0	56	1
1195	0	45	7
1194	1	25	1
1193	1	25	2
1192	0	25	12
1190	1	35	6
1189	1	18	4
1191	1	45	3
1188	0	18	17
1187	0	35	0
1186	0	25	7
1185	1	50	13
1184	0	25	12
1183	0	25	7
1182	0	25	14
1181	0	25	1
1180	1	18	14
1179	0	25	2
1178	0	25	4
1177	0	25	0
1176	1	25	9
1175	0	18	20
1174	1	35	14
1173	0	56	12
1172	0	25	16
1171	0	35	17
1170	1	45	6
1169	1	35	3
1167	0	18	12
1168	0	45	1
1166	0	56	11
1165	1	25	4
1164	0	35	0
1163	1	35	17
1162	0	25	4
1161	0	50	4
1160	0	25	3
1159	1	45	9
1158	0	45	16
1157	0	45	11
1156	1	1	10
1155	0	35	14
1154	0	56	1
1153	1	35	17
1152	0	18	2
1151	1	56	0
1150	0	18	4
1149	1	25	1
1148	0	35	17
1147	0	25	12
1146	0	25	17
1145	0	35	7
1144	1	25	3
1372	0	35	6
1142	0	35	16
1141	0	25	1
1140	0	25	12
1139	0	25	20
1138	0	25	7
1137	0	35	14
1136	0	35	12
1135	0	50	15
1134	1	45	1
1133	0	50	17
1132	1	50	7
1131	0	35	15
1130	1	35	12
1129	0	18	12
1128	1	25	0
1127	1	50	20
1126	1	25	1
1125	1	25	1
1124	0	25	12
1123	0	18	20
1122	0	45	0
1121	1	18	12
1120	0	18	0
1119	0	35	1
1118	1	25	15
1117	0	18	17
1116	0	45	18
1115	1	35	0
1114	1	35	6
1113	0	1	10
1112	0	45	0
1111	1	25	3
1110	0	45	1
1109	0	50	17
1108	0	50	17
1107	0	25	7
1106	0	25	15
1105	1	25	0
1104	0	35	17
1103	1	18	4
1102	0	35	0
1101	1	18	4
1100	0	25	7
1099	1	50	11
1098	0	56	20
1097	0	45	12
1096	1	50	0
1095	0	50	17
1094	0	50	0
1093	1	35	1
1092	0	35	17
1091	0	45	2
1090	0	18	4
1089	0	25	16
1088	1	35	17
1087	1	25	14
1086	0	35	12
1085	0	45	0
1084	0	56	13
1083	0	35	15
1082	0	25	2
1081	0	18	7
1080	0	25	17
1079	0	56	1
1078	0	25	7
1077	0	25	6
1076	0	45	17
1075	0	35	0
1074	0	1	10
1073	0	50	14
1072	0	18	4
1070	1	50	20
1071	0	18	19
1069	1	25	12
1068	0	35	7
1067	0	35	0
1066	1	56	2
1065	0	35	20
1064	0	35	0
1063	0	25	11
1062	0	25	4
1061	0	35	14
1060	0	35	2
1059	0	25	1
1058	0	50	1
1057	0	25	12
1056	1	45	16
1055	0	35	0
1054	0	35	0
1052	0	18	12
1053	1	56	8
1051	0	25	17
1050	0	25	0
1049	1	25	4
1048	1	56	14
1047	1	25	2
1045	0	45	17
1046	0	45	17
1044	0	50	20
1043	0	35	7
1042	0	1	10
1041	1	18	4
1040	1	56	13
1039	0	25	4
1038	1	25	2
1037	0	25	17
1036	0	35	12
1035	1	56	1
1034	0	45	16
1033	0	35	3
1032	1	18	4
1030	0	25	20
1031	1	45	16
1029	0	45	15
1028	0	18	4
1027	0	50	15
1025	0	18	4
1026	0	45	0
1024	0	35	6
1023	1	35	1
1022	0	35	12
1021	1	56	12
1020	0	25	7
1019	1	56	13
1018	0	50	6
1017	0	35	7
1016	0	35	20
1015	1	45	1
1013	0	25	20
1012	0	25	17
1011	1	25	14
1010	0	25	12
1009	0	25	4
1008	0	18	1
1007	1	25	4
1006	0	18	17
1005	1	56	13
1004	1	25	15
1003	1	25	17
1002	0	35	7
1001	0	35	12
1000	0	25	20
999	1	35	4
998	0	45	12
997	1	45	6
996	1	18	2
995	1	18	6
994	1	35	6
993	0	35	0
992	0	25	16
991	0	45	6
990	1	35	7
989	0	25	12
988	1	18	4
987	1	50	7
986	0	35	16
985	0	25	4
984	0	35	2
983	1	35	16
982	0	45	1
981	0	50	7
979	0	56	17
980	0	45	16
978	0	45	17
977	1	18	19
976	0	50	16
975	1	1	10
974	0	18	4
973	0	25	14
972	1	25	1
971	0	56	13
970	0	35	7
1014	1	56	0
969	0	25	2
968	1	25	7
967	0	45	17
966	0	56	2
965	0	1	0
964	0	50	6
963	0	25	3
962	0	25	2
961	0	45	7
960	0	25	4
959	1	50	12
958	1	18	4
957	0	35	1
956	0	25	4
955	0	18	4
954	0	56	17
953	0	25	1
952	1	25	6
951	0	25	17
949	1	35	16
950	1	35	19
948	0	25	17
947	0	56	14
946	0	50	7
945	0	18	10
944	1	35	1
943	0	25	11
942	0	56	16
941	0	50	7
940	0	18	0
938	0	50	6
939	0	25	0
937	0	25	12
936	1	35	16
935	0	35	20
934	0	50	7
933	1	35	1
932	1	45	0
931	1	25	9
930	1	45	6
929	0	35	15
928	0	35	2
927	0	35	13
926	0	25	0
925	1	1	10
924	0	56	12
923	0	35	6
922	1	25	0
921	0	1	10
920	1	25	0
919	0	50	7
918	0	25	7
917	0	25	0
916	0	50	12
915	0	35	2
914	0	45	0
913	0	25	11
912	0	45	5
911	0	50	7
910	0	45	17
909	1	50	1
908	1	25	1
907	0	35	7
906	0	18	11
905	0	25	17
904	0	35	7
903	0	25	12
902	0	18	18
901	0	25	17
900	0	50	16
899	0	25	6
898	0	18	17
897	0	25	1
896	0	18	4
895	1	50	0
894	0	35	7
893	0	56	1
892	0	18	0
891	0	25	20
890	0	35	1
889	0	25	3
888	0	18	19
887	1	25	4
886	0	25	7
885	0	25	16
884	0	25	16
882	0	18	14
883	0	35	1
881	1	18	4
880	0	35	7
879	1	18	4
878	0	25	4
877	0	25	17
876	0	45	6
875	1	35	17
873	0	35	6
874	0	50	6
872	0	18	15
871	0	35	7
870	1	50	4
869	0	18	4
868	0	56	17
1143	1	35	11
867	0	1	10
866	0	45	1
865	1	35	9
864	0	1	10
863	0	45	14
862	0	50	0
861	0	25	12
860	0	35	11
859	0	25	7
858	1	35	7
857	1	18	20
856	0	18	20
855	1	35	4
854	0	35	12
853	0	18	16
852	1	35	9
851	1	45	7
850	1	35	0
849	1	25	4
848	0	25	7
847	0	35	12
846	0	25	7
845	0	35	7
844	0	56	7
843	1	56	3
842	1	18	4
841	1	25	1
840	1	35	15
839	0	50	7
838	0	18	4
837	1	45	6
836	0	50	13
835	0	25	1
834	0	35	7
833	0	25	0
832	0	25	4
831	0	50	1
830	1	35	17
829	0	25	1
828	0	18	2
826	0	18	0
825	1	35	9
824	1	56	6
823	0	18	2
822	0	25	17
821	0	18	0
820	0	18	4
819	0	25	7
818	1	56	1
817	0	25	12
816	0	56	10
815	0	35	1
814	0	18	4
827	0	35	0
813	0	18	10
812	0	1	0
811	0	25	0
810	0	25	12
809	0	35	7
808	0	25	4
807	0	25	5
806	1	25	0
805	0	25	4
804	0	25	14
803	0	25	7
802	1	50	16
801	0	35	7
800	1	25	0
799	1	25	4
798	0	25	1
797	0	1	10
796	0	18	4
795	1	45	1
794	1	18	0
793	1	1	10
792	1	45	14
791	1	45	14
790	0	50	6
789	1	25	17
788	0	25	20
787	1	56	13
786	0	18	4
785	0	1	10
784	0	25	16
783	1	25	2
782	0	35	4
781	0	25	6
780	0	35	7
779	0	35	12
778	1	25	14
777	0	35	7
776	0	18	4
775	0	45	1
774	0	35	1
773	0	35	7
772	1	25	2
771	0	18	0
770	0	25	12
769	1	25	0
768	0	25	7
767	0	56	20
766	0	25	0
765	0	25	17
764	1	25	4
763	0	25	20
762	1	25	7
761	1	25	14
760	0	18	4
759	0	25	2
758	1	18	4
757	0	18	2
756	0	25	16
755	0	18	4
754	0	45	16
753	0	25	8
752	0	56	13
751	0	45	2
750	1	18	4
749	0	45	1
748	0	25	0
747	0	25	12
746	0	25	2
745	0	35	7
744	1	1	0
743	0	25	12
742	0	35	17
741	0	25	2
740	0	25	20
739	0	25	17
738	1	1	10
737	1	56	6
736	1	35	9
735	1	18	4
734	1	25	17
733	0	25	5
732	0	56	7
731	0	25	0
730	1	56	1
729	0	50	0
728	0	25	1
727	0	56	0
726	1	25	0
725	0	25	12
724	0	18	4
723	1	25	0
722	0	18	17
721	0	18	17
720	1	18	5
719	0	25	4
718	0	35	17
717	0	25	20
716	0	25	7
715	1	50	7
714	0	25	2
713	0	25	7
712	1	25	4
711	1	25	5
710	1	25	0
709	0	35	14
708	0	18	4
707	1	25	7
706	1	56	13
705	0	25	14
704	0	56	7
703	1	35	3
702	0	25	17
701	0	18	17
700	1	50	3
699	1	25	3
698	1	35	7
697	1	25	9
696	1	50	1
695	1	25	17
694	1	25	3
693	0	25	6
692	0	18	5
691	1	50	2
690	0	18	5
689	1	45	1
687	1	35	5
686	0	25	6
685	1	45	3
683	0	56	0
684	0	45	0
682	1	18	20
681	0	35	7
680	0	18	16
679	0	18	12
678	1	50	16
677	0	35	13
676	0	56	13
675	1	25	3
674	0	18	12
672	0	18	12
673	0	18	4
671	1	25	17
670	0	25	15
669	0	25	12
668	0	25	11
667	0	25	4
666	0	18	12
665	0	35	7
664	0	25	0
663	0	25	17
662	1	18	3
661	0	35	18
660	0	25	7
659	0	18	4
658	0	25	14
657	0	18	4
656	0	35	1
655	1	25	3
654	0	25	12
653	0	25	14
652	1	25	1
651	1	18	4
650	0	45	7
649	0	1	0
648	0	25	7
647	0	50	1
646	0	35	7
645	0	18	0
644	0	50	1
643	0	25	6
642	0	18	0
641	0	56	17
640	0	25	1
639	1	18	4
638	1	18	1
637	1	25	0
636	0	1	10
635	0	25	0
634	1	50	7
633	1	35	0
632	1	35	17
631	0	25	20
630	0	45	1
629	1	45	2
628	1	1	19
627	0	25	12
626	0	35	1
625	0	1	10
624	1	25	7
623	1	25	5
622	0	18	17
621	1	25	0
620	1	18	12
619	1	1	19
618	0	35	17
617	0	50	7
616	1	50	5
615	1	35	2
614	0	18	4
613	0	25	14
612	0	35	19
611	1	25	6
610	1	25	1
609	1	45	1
608	0	56	1
607	0	56	13
606	1	35	17
605	1	25	7
604	0	45	18
603	0	18	4
602	0	25	11
601	0	25	14
600	0	56	13
599	1	45	2
598	0	50	7
597	0	25	7
596	0	25	12
595	1	18	4
594	0	25	0
593	1	50	1
592	0	45	2
591	0	45	19
590	0	18	12
589	0	18	12
588	1	25	1
587	0	35	6
586	0	18	4
585	0	35	7
584	1	18	17
583	0	35	1
582	0	18	12
581	1	18	2
580	1	1	10
579	0	18	4
578	0	50	0
577	0	25	17
576	0	35	0
575	0	35	7
574	1	25	0
572	0	25	12
573	0	35	0
571	0	25	12
570	0	35	12
569	0	56	7
568	0	18	7
567	0	35	1
566	0	25	1
564	0	25	12
565	0	25	4
563	1	35	0
562	0	35	1
561	0	35	7
560	0	35	1
559	1	25	14
558	0	45	12
557	0	18	7
556	1	25	6
555	0	45	17
554	0	25	4
553	0	25	0
552	0	25	17
551	0	25	15
550	0	18	7
548	0	45	17
547	0	18	7
549	0	18	4
546	0	35	12
545	1	35	17
544	1	18	4
543	0	25	7
542	0	25	4
541	1	50	1
540	1	25	19
539	1	35	20
538	0	25	2
537	0	25	2
536	1	25	9
535	0	45	7
534	1	25	4
533	1	18	14
532	0	45	7
531	0	25	20
530	0	25	0
529	0	18	4
528	0	45	1
527	1	25	17
526	0	35	1
525	1	1	10
524	0	18	4
523	1	50	16
522	0	56	0
521	0	50	17
520	0	35	15
519	0	45	1
518	1	25	6
517	0	25	14
516	0	35	0
515	1	1	10
514	1	1	10
513	1	35	2
512	0	25	1
511	0	50	1
510	0	18	6
509	1	18	4
508	0	50	17
507	0	25	17
506	1	50	2
505	0	45	16
504	0	25	15
503	0	25	16
502	1	56	1
501	0	45	12
500	1	25	20
499	0	35	1
498	0	56	7
497	0	45	7
496	0	25	17
495	0	25	15
494	1	35	16
493	0	18	14
492	1	18	4
491	1	18	4
490	1	50	9
489	0	35	15
488	1	35	20
487	0	50	7
486	0	35	3
485	0	25	1
484	0	1	10
483	0	45	6
482	0	35	14
481	0	1	10
480	0	50	1
479	1	35	17
478	1	25	3
477	1	35	1
476	1	25	7
475	0	45	20
474	0	18	17
473	0	35	7
472	0	50	3
471	0	18	4
470	1	18	1
469	0	25	1
468	1	25	9
467	1	25	4
466	1	35	1
465	0	25	0
464	0	35	7
463	0	25	4
462	0	50	1
460	1	18	1
461	1	35	7
459	0	45	7
458	0	25	0
457	0	45	1
456	0	56	15
455	1	50	0
454	0	25	4
453	0	35	20
452	0	25	17
451	1	25	20
450	1	25	0
449	1	45	12
448	0	18	0
447	0	25	1
446	0	50	16
445	1	45	0
444	0	25	20
443	0	35	12
442	1	18	4
441	0	18	4
440	0	35	7
439	1	45	0
438	0	35	1
437	0	35	0
436	0	50	7
435	0	35	15
434	1	18	2
433	1	25	14
432	0	18	4
431	0	18	3
430	1	50	1
429	1	25	1
428	1	35	7
427	1	25	1
426	1	35	0
425	0	25	0
424	0	35	7
423	0	45	1
422	0	25	14
421	1	18	4
420	1	18	4
419	0	35	14
418	0	25	7
417	0	35	15
416	0	25	11
415	0	25	7
414	0	25	1
413	0	56	16
412	0	25	0
411	0	18	4
410	0	25	14
409	0	35	17
408	0	35	12
407	1	18	4
406	0	50	1
405	0	25	14
404	1	35	9
403	0	25	7
402	0	1	10
401	0	18	1
400	1	18	4
399	0	35	17
398	1	25	17
397	0	1	10
396	1	35	1
395	1	18	4
394	0	25	2
393	0	18	4
392	0	18	1
391	0	25	17
390	1	18	4
389	1	35	12
388	1	25	6
387	0	18	0
386	0	50	1
385	0	25	4
384	1	25	6
383	0	25	15
382	0	50	14
381	0	56	0
380	0	25	0
379	0	25	2
378	1	25	15
377	0	1	10
376	1	35	20
375	0	18	4
374	0	18	4
373	0	18	16
372	0	35	7
371	1	25	3
370	0	56	1
369	0	18	4
368	0	25	1
367	1	25	4
366	1	35	1
365	0	35	7
364	0	35	14
363	0	25	20
362	0	25	1
361	0	35	17
360	0	35	2
359	0	50	20
358	1	25	7
357	0	18	0
356	1	18	9
355	0	18	16
354	0	25	17
353	0	56	16
352	1	1	0
351	1	18	4
349	0	25	0
350	0	18	4
348	0	35	14
347	1	25	7
346	1	25	4
345	1	25	12
344	1	35	3
343	1	25	14
342	0	25	0
341	0	35	14
340	0	35	15
339	1	18	14
338	0	25	7
337	0	18	0
336	0	56	1
335	1	18	4
334	1	18	4
333	0	18	17
332	0	25	12
331	0	35	1
330	0	18	4
329	0	25	15
328	0	25	7
327	0	35	1
326	1	50	7
325	0	35	2
324	0	18	4
323	0	1	10
322	0	25	0
321	1	35	14
320	0	56	7
319	0	25	0
318	0	45	11
317	0	25	20
316	0	18	12
315	0	25	15
314	0	18	2
313	0	25	1
312	0	25	4
311	1	35	20
310	0	18	10
309	0	18	0
308	1	25	11
307	1	25	11
306	0	25	4
305	1	25	14
304	0	25	6
303	0	25	1
302	0	45	15
301	0	25	12
300	0	25	7
299	0	25	1
298	0	50	13
297	1	25	12
296	1	35	0
295	1	25	4
294	1	18	4
293	0	18	15
292	0	25	0
291	0	25	0
290	0	25	2
289	0	18	1
288	1	1	0
287	1	56	0
286	0	18	17
285	1	18	1
284	1	35	2
283	1	1	10
282	0	1	10
281	1	50	1
280	1	25	1
279	0	18	12
278	0	25	20
277	1	35	6
276	1	25	1
275	1	50	12
274	0	25	11
273	0	56	14
272	0	25	2
271	1	1	7
270	0	45	14
269	0	25	0
268	0	25	7
267	0	35	7
266	0	25	6
265	0	18	4
264	0	25	11
263	0	18	12
262	0	1	0
261	0	35	12
260	0	25	5
259	0	18	17
258	0	25	2
257	1	35	0
256	1	45	1
255	0	18	10
254	1	25	7
253	0	25	6
252	0	25	20
251	0	25	0
250	0	25	17
249	1	35	0
248	0	18	4
247	0	25	17
246	0	25	2
245	0	35	17
244	0	25	1
243	1	25	7
242	0	25	7
241	0	35	0
240	0	25	5
239	0	35	18
238	0	25	16
237	1	25	0
236	0	1	10
235	1	35	7
234	1	25	0
233	1	50	1
232	0	35	7
231	1	25	7
230	0	25	7
229	0	50	16
228	0	18	4
227	1	25	7
226	0	25	7
225	0	25	0
224	0	25	20
223	0	25	0
222	0	25	17
221	0	25	4
220	0	50	6
219	0	45	0
218	0	25	15
217	1	35	4
216	0	25	12
215	0	18	12
214	1	25	4
213	0	18	4
212	0	25	2
211	0	25	17
210	1	25	4
209	1	18	4
208	0	25	1
207	1	25	0
206	1	35	0
205	0	56	16
204	1	35	0
203	0	25	0
202	0	25	7
201	1	45	7
200	0	25	1
199	1	1	0
198	1	35	7
197	0	25	4
196	0	35	1
195	1	1	10
194	1	25	3
193	0	45	16
192	1	18	4
191	0	50	20
190	0	35	17
189	1	25	7
188	1	18	20
187	1	25	1
186	0	50	19
185	0	45	7
184	0	50	7
183	1	25	7
182	1	45	2
181	0	25	4
180	0	25	7
179	1	25	4
178	1	50	1
177	1	25	9
176	1	25	14
175	1	50	1
174	0	25	17
173	1	25	6
172	1	45	3
171	0	35	14
170	1	25	7
169	0	25	14
168	1	25	4
167	0	25	17
166	0	18	12
165	0	25	4
164	0	25	4
163	0	50	7
162	0	18	12
161	1	25	0
160	0	35	7
159	0	25	1
157	0	35	17
158	0	35	7
156	1	18	0
155	0	18	4
154	0	25	1
153	0	25	20
152	1	35	20
151	0	25	20
150	0	50	20
149	0	35	20
148	0	18	4
147	0	45	2
146	0	25	7
145	0	35	0
144	0	25	1
143	0	25	0
142	0	25	20
141	1	18	0
140	0	35	17
139	0	25	7
138	1	35	7
137	0	50	16
136	0	25	11
135	1	45	12
134	1	35	20
133	1	18	4
132	0	25	2
131	0	25	4
130	0	18	20
129	1	45	20
128	1	25	17
127	0	25	1
126	1	18	0
125	0	35	2
124	0	18	4
123	0	50	20
122	1	50	1
121	0	25	12
120	0	18	0
119	1	25	1
118	0	25	6
117	0	56	3
116	0	25	7
115	0	35	0
114	1	25	0
113	1	50	7
112	0	35	14
111	0	45	1
110	1	35	0
109	1	35	17
108	1	18	7
107	0	18	14
106	0	25	2
105	0	25	14
104	0	18	0
103	0	18	4
101	0	25	12
100	0	25	1
99	1	45	15
98	0	50	12
97	1	25	0
96	0	45	1
95	1	45	1
94	1	18	10
93	1	35	2
92	1	56	1
91	1	45	16
90	0	56	13
102	0	18	17
89	0	25	4
88	0	18	4
87	1	45	1
86	0	1	10
85	0	45	11
84	1	25	7
83	1	18	4
82	0	18	20
81	0	45	14
80	1	18	4
79	1	45	0
78	1	45	0
77	0	35	7
76	0	25	15
75	0	18	5
74	0	25	17
73	1	35	9
72	0	50	16
71	0	56	7
70	0	45	13
69	0	35	11
67	0	35	7
66	1	25	20
65	0	1	10
64	1	25	1
63	0	25	14
62	1	25	1
61	0	35	1
68	0	35	1
59	0	25	1
60	0	56	1
58	0	35	7
57	0	35	1
56	0	25	3
55	0	25	1
688	1	18	4
54	1	56	1
53	0	25	16
52	0	25	15
51	1	1	10
50	1	25	20
49	1	35	20
48	1	18	4
47	1	50	20
46	0	35	1
45	1	35	1
44	1	25	0
43	1	25	7
42	0	18	4
41	1	25	1
40	0	45	17
39	1	25	7
38	0	50	0
37	1	45	17
36	1	25	15
35	1	25	5
34	1	1	0
32	0	35	17
33	0	18	4
31	1	25	12
30	0	35	0
29	0	35	15
28	0	35	15
27	1	25	20
26	0	45	1
25	1	25	9
24	0	45	1
23	1	35	7
22	0	35	1
21	0	25	0
20	0	50	16
19	0	25	12
18	0	25	17
17	0	25	0
16	0	25	12
15	1	25	1
14	0	35	6
13	0	18	4
12	0	18	4
11	1	25	1
10	0	25	17
9	1	18	0
8	0	45	7
7	0	50	13
6	0	25	14
5	1	25	1
4	1	25	15
3	1	45	1
2	1	56	1
1	1	45	0
0	0	25	6
